 3-cyclohexene-1-carboxaldehyde sigma-profile (sigma [e/nm^2], p(sigma)*At [nm^2])
  -3.00000   0.00000
  -2.90000   0.00000
  -2.80000   0.00000
  -2.70000   0.00000
  -2.60000   0.00000
  -2.50000   0.00000
  -2.40000   0.00000
  -2.30000   0.00000
  -2.20000   0.00000
  -2.10000   0.00000
  -2.00000   0.00000
  -1.90000   0.00000
  -1.80000   0.00000
  -1.70000   0.00000
  -1.60000   0.00000
  -1.50000   0.00000
  -1.40000   0.00000
  -1.30000   0.00000
  -1.20000   0.00000
  -1.10000   0.00000
  -1.00000   0.00000
  -0.90000   0.00033
  -0.80000   0.01249
  -0.70000   0.04902
  -0.60000   0.10933
  -0.50000   0.16173
  -0.40000   0.16658
  -0.30000   0.14656
  -0.20000   0.13222
  -0.10000   0.11894
   0.00000   0.10668
   0.10000   0.08785
   0.20000   0.06191
   0.30000   0.04558
   0.40000   0.03799
   0.50000   0.03378
   0.60000   0.03160
   0.70000   0.02934
   0.80000   0.02974
   0.90000   0.03025
   1.00000   0.02789
   1.10000   0.02795
   1.20000   0.02850
   1.30000   0.02281
   1.40000   0.01788
   1.50000   0.01431
   1.60000   0.00699
   1.70000   0.00138
   1.80000   0.00002
   1.90000   0.00000
   2.00000   0.00000
   2.10000   0.00000
   2.20000   0.00000
   2.30000   0.00000
   2.40000   0.00000
   2.50000   0.00000
   2.60000   0.00000
   2.70000   0.00000
   2.80000   0.00000
   2.90000   0.00000
   3.00000   0.00000
