 terephthaloylchloride sigma-profile (sigma [e/nm^2], p(sigma)*At [nm^2])
  -3.00000   0.00000
  -2.90000   0.00000
  -2.80000   0.00000
  -2.70000   0.00000
  -2.60000   0.00000
  -2.50000   0.00000
  -2.40000   0.00000
  -2.30000   0.00000
  -2.20000   0.00000
  -2.10000   0.00000
  -2.00000   0.00000
  -1.90000   0.00000
  -1.80000   0.00000
  -1.70000   0.00000
  -1.60000   0.00000
  -1.50000   0.00000
  -1.40000   0.00000
  -1.30000   0.00000
  -1.20000   0.00106
  -1.10000   0.01317
  -1.00000   0.03420
  -0.90000   0.04488
  -0.80000   0.05239
  -0.70000   0.06358
  -0.60000   0.07688
  -0.50000   0.09168
  -0.40000   0.09699
  -0.30000   0.12607
  -0.20000   0.18178
  -0.10000   0.19378
   0.00000   0.15974
   0.10000   0.12675
   0.20000   0.11512
   0.30000   0.13363
   0.40000   0.14265
   0.50000   0.10484
   0.60000   0.06457
   0.70000   0.06258
   0.80000   0.06823
   0.90000   0.05044
   1.00000   0.02433
   1.10000   0.00731
   1.20000   0.00078
   1.30000   0.00000
   1.40000   0.00000
   1.50000   0.00000
   1.60000   0.00000
   1.70000   0.00000
   1.80000   0.00000
   1.90000   0.00000
   2.00000   0.00000
   2.10000   0.00000
   2.20000   0.00000
   2.30000   0.00000
   2.40000   0.00000
   2.50000   0.00000
   2.60000   0.00000
   2.70000   0.00000
   2.80000   0.00000
   2.90000   0.00000
   3.00000   0.00000
