 benzonitrile sigma-profile (sigma [e/nm^2], p(sigma)*At [nm^2])
  -3.00000   0.00000
  -2.90000   0.00000
  -2.80000   0.00000
  -2.70000   0.00000
  -2.60000   0.00000
  -2.50000   0.00000
  -2.40000   0.00000
  -2.30000   0.00000
  -2.20000   0.00000
  -2.10000   0.00000
  -2.00000   0.00000
  -1.90000   0.00000
  -1.80000   0.00000
  -1.70000   0.00000
  -1.60000   0.00000
  -1.50000   0.00000
  -1.40000   0.00000
  -1.30000   0.00000
  -1.20000   0.00000
  -1.10000   0.00201
  -1.00000   0.01679
  -0.90000   0.04880
  -0.80000   0.07519
  -0.70000   0.07637
  -0.60000   0.06763
  -0.50000   0.06867
  -0.40000   0.07682
  -0.30000   0.08454
  -0.20000   0.09063
  -0.10000   0.09200
   0.00000   0.09780
   0.10000   0.12101
   0.20000   0.13713
   0.30000   0.10807
   0.40000   0.04915
   0.50000   0.01496
   0.60000   0.01894
   0.70000   0.02965
   0.80000   0.03189
   0.90000   0.03473
   1.00000   0.03401
   1.10000   0.02738
   1.20000   0.02423
   1.30000   0.02162
   1.40000   0.01359
   1.50000   0.00416
   1.60000   0.00019
   1.70000   0.00000
   1.80000   0.00000
   1.90000   0.00000
   2.00000   0.00000
   2.10000   0.00000
   2.20000   0.00000
   2.30000   0.00000
   2.40000   0.00000
   2.50000   0.00000
   2.60000   0.00000
   2.70000   0.00000
   2.80000   0.00000
   2.90000   0.00000
   3.00000   0.00000
