 n-ethyl-morpholine sigma-profile (sigma [e/nm^2], p(sigma)*At [nm^2])
  -3.00000   0.00000
  -2.90000   0.00000
  -2.80000   0.00000
  -2.70000   0.00000
  -2.60000   0.00000
  -2.50000   0.00000
  -2.40000   0.00000
  -2.30000   0.00000
  -2.20000   0.00000
  -2.10000   0.00000
  -2.00000   0.00000
  -1.90000   0.00000
  -1.80000   0.00000
  -1.70000   0.00000
  -1.60000   0.00000
  -1.50000   0.00000
  -1.40000   0.00000
  -1.30000   0.00000
  -1.20000   0.00000
  -1.10000   0.00000
  -1.00000   0.00000
  -0.90000   0.00000
  -0.80000   0.00358
  -0.70000   0.02715
  -0.60000   0.07387
  -0.50000   0.12122
  -0.40000   0.16042
  -0.30000   0.18452
  -0.20000   0.19169
  -0.10000   0.18312
   0.00000   0.15746
   0.10000   0.13118
   0.20000   0.09602
   0.30000   0.05044
   0.40000   0.02257
   0.50000   0.01678
   0.60000   0.01707
   0.70000   0.01536
   0.80000   0.01322
   0.90000   0.01088
   1.00000   0.01037
   1.10000   0.01111
   1.20000   0.01252
   1.30000   0.01542
   1.40000   0.01866
   1.50000   0.02190
   1.60000   0.01854
   1.70000   0.00870
   1.80000   0.00331
   1.90000   0.00403
   2.00000   0.00413
   2.10000   0.00241
   2.20000   0.00171
   2.30000   0.00151
   2.40000   0.00062
   2.50000   0.00000
   2.60000   0.00000
   2.70000   0.00000
   2.80000   0.00000
   2.90000   0.00000
   3.00000   0.00000
