 3-cyanopyridine sigma-profile (sigma [e/nm^2], p(sigma)*At [nm^2])
  -3.00000   0.00000
  -2.90000   0.00000
  -2.80000   0.00000
  -2.70000   0.00000
  -2.60000   0.00000
  -2.50000   0.00000
  -2.40000   0.00000
  -2.30000   0.00000
  -2.20000   0.00000
  -2.10000   0.00000
  -2.00000   0.00000
  -1.90000   0.00000
  -1.80000   0.00000
  -1.70000   0.00000
  -1.60000   0.00000
  -1.50000   0.00000
  -1.40000   0.00000
  -1.30000   0.00000
  -1.20000   0.00242
  -1.10000   0.01631
  -1.00000   0.04406
  -0.90000   0.06414
  -0.80000   0.06426
  -0.70000   0.05848
  -0.60000   0.05720
  -0.50000   0.06736
  -0.40000   0.08457
  -0.30000   0.10046
  -0.20000   0.11691
  -0.10000   0.12231
   0.00000   0.10336
   0.10000   0.06968
   0.20000   0.04524
   0.30000   0.03257
   0.40000   0.02241
   0.50000   0.02289
   0.60000   0.03106
   0.70000   0.04017
   0.80000   0.04713
   0.90000   0.04192
   1.00000   0.03474
   1.10000   0.03308
   1.20000   0.02984
   1.30000   0.02466
   1.40000   0.01575
   1.50000   0.00819
   1.60000   0.00733
   1.70000   0.00749
   1.80000   0.00541
   1.90000   0.00272
   2.00000   0.00074
   2.10000   0.00000
   2.20000   0.00000
   2.30000   0.00000
   2.40000   0.00000
   2.50000   0.00000
   2.60000   0.00000
   2.70000   0.00000
   2.80000   0.00000
   2.90000   0.00000
   3.00000   0.00000
