 styrene sigma-profile (sigma [e/nm^2], p(sigma)*At [nm^2])
  -3.00000   0.00000
  -2.90000   0.00000
  -2.80000   0.00000
  -2.70000   0.00000
  -2.60000   0.00000
  -2.50000   0.00000
  -2.40000   0.00000
  -2.30000   0.00000
  -2.20000   0.00000
  -2.10000   0.00000
  -2.00000   0.00000
  -1.90000   0.00000
  -1.80000   0.00000
  -1.70000   0.00000
  -1.60000   0.00000
  -1.50000   0.00000
  -1.40000   0.00000
  -1.30000   0.00000
  -1.20000   0.00000
  -1.10000   0.00000
  -1.00000   0.00098
  -0.90000   0.00926
  -0.80000   0.04361
  -0.70000   0.09194
  -0.60000   0.10486
  -0.50000   0.09240
  -0.40000   0.08915
  -0.30000   0.08617
  -0.20000   0.08055
  -0.10000   0.08634
   0.00000   0.09360
   0.10000   0.08744
   0.20000   0.09779
   0.30000   0.13015
   0.40000   0.15451
   0.50000   0.14779
   0.60000   0.09605
   0.70000   0.03959
   0.80000   0.01420
   0.90000   0.00442
   1.00000   0.00020
   1.10000   0.00000
   1.20000   0.00000
   1.30000   0.00000
   1.40000   0.00000
   1.50000   0.00000
   1.60000   0.00000
   1.70000   0.00000
   1.80000   0.00000
   1.90000   0.00000
   2.00000   0.00000
   2.10000   0.00000
   2.20000   0.00000
   2.30000   0.00000
   2.40000   0.00000
   2.50000   0.00000
   2.60000   0.00000
   2.70000   0.00000
   2.80000   0.00000
   2.90000   0.00000
   3.00000   0.00000
