 1-chloro-4-nitrobenzene sigma-profile (sigma [e/nm^2], p(sigma)*At [nm^2])
  -3.00000   0.00000
  -2.90000   0.00000
  -2.80000   0.00000
  -2.70000   0.00000
  -2.60000   0.00000
  -2.50000   0.00000
  -2.40000   0.00000
  -2.30000   0.00000
  -2.20000   0.00000
  -2.10000   0.00000
  -2.00000   0.00000
  -1.90000   0.00000
  -1.80000   0.00000
  -1.70000   0.00000
  -1.60000   0.00000
  -1.50000   0.00000
  -1.40000   0.00000
  -1.30000   0.00000
  -1.20000   0.00137
  -1.10000   0.01807
  -1.00000   0.04860
  -0.90000   0.05921
  -0.80000   0.05529
  -0.70000   0.05860
  -0.60000   0.05714
  -0.50000   0.05933
  -0.40000   0.06915
  -0.30000   0.08025
  -0.20000   0.11985
  -0.10000   0.17336
   0.00000   0.17421
   0.10000   0.11604
   0.20000   0.07850
   0.30000   0.08907
   0.40000   0.07797
   0.50000   0.04707
   0.60000   0.05103
   0.70000   0.07141
   0.80000   0.06599
   0.90000   0.03673
   1.00000   0.02017
   1.10000   0.02116
   1.20000   0.01937
   1.30000   0.01281
   1.40000   0.00477
   1.50000   0.00029
   1.60000   0.00000
   1.70000   0.00000
   1.80000   0.00000
   1.90000   0.00000
   2.00000   0.00000
   2.10000   0.00000
   2.20000   0.00000
   2.30000   0.00000
   2.40000   0.00000
   2.50000   0.00000
   2.60000   0.00000
   2.70000   0.00000
   2.80000   0.00000
   2.90000   0.00000
   3.00000   0.00000
