 1,4-benzenedicarboxylicacid sigma-profile (sigma [e/nm^2], p(sigma)*At [nm^2])
  -3.00000   0.00000
  -2.90000   0.00000
  -2.80000   0.00000
  -2.70000   0.00000
  -2.60000   0.00000
  -2.50000   0.00000
  -2.40000   0.00000
  -2.30000   0.00000
  -2.20000   0.00008
  -2.10000   0.00590
  -2.00000   0.01904
  -1.90000   0.02593
  -1.80000   0.02405
  -1.70000   0.01878
  -1.60000   0.00951
  -1.50000   0.00679
  -1.40000   0.01300
  -1.30000   0.01521
  -1.20000   0.01152
  -1.10000   0.00955
  -1.00000   0.01725
  -0.90000   0.03453
  -0.80000   0.04559
  -0.70000   0.04616
  -0.60000   0.05661
  -0.50000   0.07800
  -0.40000   0.08992
  -0.30000   0.09425
  -0.20000   0.09529
  -0.10000   0.10653
   0.00000   0.14458
   0.10000   0.16962
   0.20000   0.13420
   0.30000   0.06855
   0.40000   0.03129
   0.50000   0.02988
   0.60000   0.04564
   0.70000   0.05114
   0.80000   0.04546
   0.90000   0.04456
   1.00000   0.04520
   1.10000   0.05657
   1.20000   0.06712
   1.30000   0.05356
   1.40000   0.02869
   1.50000   0.01008
   1.60000   0.00155
   1.70000   0.00000
   1.80000   0.00000
   1.90000   0.00000
   2.00000   0.00000
   2.10000   0.00000
   2.20000   0.00000
   2.30000   0.00000
   2.40000   0.00000
   2.50000   0.00000
   2.60000   0.00000
   2.70000   0.00000
   2.80000   0.00000
   2.90000   0.00000
   3.00000   0.00000
