 methylthiobenzene sigma-profile (sigma [e/nm^2], p(sigma)*At [nm^2])
  -3.00000   0.00000
  -2.90000   0.00000
  -2.80000   0.00000
  -2.70000   0.00000
  -2.60000   0.00000
  -2.50000   0.00000
  -2.40000   0.00000
  -2.30000   0.00000
  -2.20000   0.00000
  -2.10000   0.00000
  -2.00000   0.00000
  -1.90000   0.00000
  -1.80000   0.00000
  -1.70000   0.00000
  -1.60000   0.00000
  -1.50000   0.00000
  -1.40000   0.00000
  -1.30000   0.00000
  -1.20000   0.00000
  -1.10000   0.00000
  -1.00000   0.00086
  -0.90000   0.01625
  -0.80000   0.06000
  -0.70000   0.10105
  -0.60000   0.10881
  -0.50000   0.10140
  -0.40000   0.09309
  -0.30000   0.09353
  -0.20000   0.10345
  -0.10000   0.10347
   0.00000   0.08927
   0.10000   0.07235
   0.20000   0.07836
   0.30000   0.10749
   0.40000   0.13767
   0.50000   0.14754
   0.60000   0.10680
   0.70000   0.04969
   0.80000   0.02715
   0.90000   0.02262
   1.00000   0.01512
   1.10000   0.00552
   1.20000   0.00034
   1.30000   0.00000
   1.40000   0.00000
   1.50000   0.00000
   1.60000   0.00000
   1.70000   0.00000
   1.80000   0.00000
   1.90000   0.00000
   2.00000   0.00000
   2.10000   0.00000
   2.20000   0.00000
   2.30000   0.00000
   2.40000   0.00000
   2.50000   0.00000
   2.60000   0.00000
   2.70000   0.00000
   2.80000   0.00000
   2.90000   0.00000
   3.00000   0.00000
