 benzylalcohol sigma-profile (sigma [e/nm^2], p(sigma)*At [nm^2])
  -3.00000   0.00000
  -2.90000   0.00000
  -2.80000   0.00000
  -2.70000   0.00000
  -2.60000   0.00000
  -2.50000   0.00000
  -2.40000   0.00000
  -2.30000   0.00000
  -2.20000   0.00000
  -2.10000   0.00000
  -2.00000   0.00000
  -1.90000   0.00018
  -1.80000   0.00252
  -1.70000   0.00735
  -1.60000   0.01019
  -1.50000   0.00812
  -1.40000   0.00568
  -1.30000   0.00750
  -1.20000   0.00832
  -1.10000   0.00559
  -1.00000   0.00484
  -0.90000   0.00916
  -0.80000   0.03241
  -0.70000   0.07787
  -0.60000   0.10800
  -0.50000   0.10686
  -0.40000   0.09785
  -0.30000   0.09142
  -0.20000   0.08464
  -0.10000   0.08191
   0.00000   0.08018
   0.10000   0.07108
   0.20000   0.07252
   0.30000   0.08793
   0.40000   0.10303
   0.50000   0.11030
   0.60000   0.08278
   0.70000   0.03319
   0.80000   0.00909
   0.90000   0.00699
   1.00000   0.00702
   1.10000   0.01093
   1.20000   0.01529
   1.30000   0.01310
   1.40000   0.01268
   1.50000   0.01822
   1.60000   0.01866
   1.70000   0.01048
   1.80000   0.00265
   1.90000   0.00018
   2.00000   0.00000
   2.10000   0.00000
   2.20000   0.00000
   2.30000   0.00000
   2.40000   0.00000
   2.50000   0.00000
   2.60000   0.00000
   2.70000   0.00000
   2.80000   0.00000
   2.90000   0.00000
   3.00000   0.00000
