 benzaldehyde sigma-profile (sigma [e/nm^2], p(sigma)*At [nm^2])
  -3.00000   0.00000
  -2.90000   0.00000
  -2.80000   0.00000
  -2.70000   0.00000
  -2.60000   0.00000
  -2.50000   0.00000
  -2.40000   0.00000
  -2.30000   0.00000
  -2.20000   0.00000
  -2.10000   0.00000
  -2.00000   0.00000
  -1.90000   0.00000
  -1.80000   0.00000
  -1.70000   0.00000
  -1.60000   0.00000
  -1.50000   0.00000
  -1.40000   0.00000
  -1.30000   0.00000
  -1.20000   0.00000
  -1.10000   0.00000
  -1.00000   0.00200
  -0.90000   0.02510
  -0.80000   0.07216
  -0.70000   0.09770
  -0.60000   0.09140
  -0.50000   0.08653
  -0.40000   0.09108
  -0.30000   0.08833
  -0.20000   0.07909
  -0.10000   0.07713
   0.00000   0.08398
   0.10000   0.10640
   0.20000   0.13547
   0.30000   0.13086
   0.40000   0.07460
   0.50000   0.02209
   0.60000   0.00903
   0.70000   0.00955
   0.80000   0.01189
   0.90000   0.01626
   1.00000   0.02116
   1.10000   0.02707
   1.20000   0.02928
   1.30000   0.02505
   1.40000   0.01985
   1.50000   0.01410
   1.60000   0.00665
   1.70000   0.00159
   1.80000   0.00013
   1.90000   0.00000
   2.00000   0.00000
   2.10000   0.00000
   2.20000   0.00000
   2.30000   0.00000
   2.40000   0.00000
   2.50000   0.00000
   2.60000   0.00000
   2.70000   0.00000
   2.80000   0.00000
   2.90000   0.00000
   3.00000   0.00000
