 o3 sigma-profile (sigma [e/nm^2], p(sigma)*At [nm^2])
  -3.00000   0.00000
  -2.90000   0.00000
  -2.80000   0.00000
  -2.70000   0.00000
  -2.60000   0.00000
  -2.50000   0.00000
  -2.40000   0.00000
  -2.30000   0.00000
  -2.20000   0.00000
  -2.10000   0.00000
  -2.00000   0.00000
  -1.90000   0.00000
  -1.80000   0.00000
  -1.70000   0.00000
  -1.60000   0.00000
  -1.50000   0.00000
  -1.40000   0.00000
  -1.30000   0.00119
  -1.20000   0.00512
  -1.10000   0.00924
  -1.00000   0.01019
  -0.90000   0.01205
  -0.80000   0.01819
  -0.70000   0.02153
  -0.60000   0.02070
  -0.50000   0.02457
  -0.40000   0.03358
  -0.30000   0.03686
  -0.20000   0.02914
  -0.10000   0.03212
   0.00000   0.05603
   0.10000   0.06742
   0.20000   0.05399
   0.30000   0.04165
   0.40000   0.03805
   0.50000   0.03460
   0.60000   0.03250
   0.70000   0.02996
   0.80000   0.02027
   0.90000   0.00740
   1.00000   0.00082
   1.10000   0.00000
   1.20000   0.00000
   1.30000   0.00000
   1.40000   0.00000
   1.50000   0.00000
   1.60000   0.00000
   1.70000   0.00000
   1.80000   0.00000
   1.90000   0.00000
   2.00000   0.00000
   2.10000   0.00000
   2.20000   0.00000
   2.30000   0.00000
   2.40000   0.00000
   2.50000   0.00000
   2.60000   0.00000
   2.70000   0.00000
   2.80000   0.00000
   2.90000   0.00000
   3.00000   0.00000
