 cis-1,3-dichloropropene sigma-profile (sigma [e/nm^2], p(sigma)*At [nm^2])
  -3.00000   0.00000
  -2.90000   0.00000
  -2.80000   0.00000
  -2.70000   0.00000
  -2.60000   0.00000
  -2.50000   0.00000
  -2.40000   0.00000
  -2.30000   0.00000
  -2.20000   0.00000
  -2.10000   0.00000
  -2.00000   0.00000
  -1.90000   0.00000
  -1.80000   0.00000
  -1.70000   0.00000
  -1.60000   0.00000
  -1.50000   0.00000
  -1.40000   0.00000
  -1.30000   0.00000
  -1.20000   0.00272
  -1.10000   0.01297
  -1.00000   0.03433
  -0.90000   0.05415
  -0.80000   0.05478
  -0.70000   0.04980
  -0.60000   0.05124
  -0.50000   0.05174
  -0.40000   0.05345
  -0.30000   0.05668
  -0.20000   0.05868
  -0.10000   0.06281
   0.00000   0.07616
   0.10000   0.08968
   0.20000   0.09346
   0.30000   0.11081
   0.40000   0.12159
   0.50000   0.09565
   0.60000   0.08061
   0.70000   0.07376
   0.80000   0.03698
   0.90000   0.00595
   1.00000   0.00000
   1.10000   0.00000
   1.20000   0.00000
   1.30000   0.00000
   1.40000   0.00000
   1.50000   0.00000
   1.60000   0.00000
   1.70000   0.00000
   1.80000   0.00000
   1.90000   0.00000
   2.00000   0.00000
   2.10000   0.00000
   2.20000   0.00000
   2.30000   0.00000
   2.40000   0.00000
   2.50000   0.00000
   2.60000   0.00000
   2.70000   0.00000
   2.80000   0.00000
   2.90000   0.00000
   3.00000   0.00000
