 diphenylcarbonate sigma-profile (sigma [e/nm^2], p(sigma)*At [nm^2])
  -3.00000   0.00000
  -2.90000   0.00000
  -2.80000   0.00000
  -2.70000   0.00000
  -2.60000   0.00000
  -2.50000   0.00000
  -2.40000   0.00000
  -2.30000   0.00000
  -2.20000   0.00000
  -2.10000   0.00000
  -2.00000   0.00000
  -1.90000   0.00000
  -1.80000   0.00000
  -1.70000   0.00000
  -1.60000   0.00000
  -1.50000   0.00000
  -1.40000   0.00000
  -1.30000   0.00000
  -1.20000   0.00000
  -1.10000   0.00083
  -1.00000   0.01509
  -0.90000   0.06068
  -0.80000   0.12016
  -0.70000   0.14852
  -0.60000   0.14337
  -0.50000   0.13861
  -0.40000   0.13788
  -0.30000   0.13101
  -0.20000   0.12455
  -0.10000   0.12285
   0.00000   0.13209
   0.10000   0.15623
   0.20000   0.18180
   0.30000   0.21174
   0.40000   0.21900
   0.50000   0.15117
   0.60000   0.06592
   0.70000   0.04128
   0.80000   0.04581
   0.90000   0.03552
   1.00000   0.02888
   1.10000   0.03719
   1.20000   0.03417
   1.30000   0.01763
   1.40000   0.00519
   1.50000   0.00065
   1.60000   0.00000
   1.70000   0.00000
   1.80000   0.00000
   1.90000   0.00000
   2.00000   0.00000
   2.10000   0.00000
   2.20000   0.00000
   2.30000   0.00000
   2.40000   0.00000
   2.50000   0.00000
   2.60000   0.00000
   2.70000   0.00000
   2.80000   0.00000
   2.90000   0.00000
   3.00000   0.00000
