 n,n-di-2-propenyl-2-propen-1-amine sigma-profile (sigma [e/nm^2], p(sigma)*At [nm^2])
  -3.00000   0.00000
  -2.90000   0.00000
  -2.80000   0.00000
  -2.70000   0.00000
  -2.60000   0.00000
  -2.50000   0.00000
  -2.40000   0.00000
  -2.30000   0.00000
  -2.20000   0.00000
  -2.10000   0.00000
  -2.00000   0.00000
  -1.90000   0.00000
  -1.80000   0.00000
  -1.70000   0.00000
  -1.60000   0.00000
  -1.50000   0.00000
  -1.40000   0.00000
  -1.30000   0.00000
  -1.20000   0.00000
  -1.10000   0.00000
  -1.00000   0.00000
  -0.90000   0.00000
  -0.80000   0.00994
  -0.70000   0.05453
  -0.60000   0.11512
  -0.50000   0.14633
  -0.40000   0.16520
  -0.30000   0.18147
  -0.20000   0.17722
  -0.10000   0.18335
   0.00000   0.20113
   0.10000   0.18400
   0.20000   0.14524
   0.30000   0.12250
   0.40000   0.10960
   0.50000   0.09740
   0.60000   0.08219
   0.70000   0.05899
   0.80000   0.03506
   0.90000   0.01534
   1.00000   0.00462
   1.10000   0.00252
   1.20000   0.00301
   1.30000   0.00405
   1.40000   0.00399
   1.50000   0.00345
   1.60000   0.00304
   1.70000   0.00226
   1.80000   0.00159
   1.90000   0.00221
   2.00000   0.00244
   2.10000   0.00149
   2.20000   0.00085
   2.30000   0.00034
   2.40000   0.00000
   2.50000   0.00000
   2.60000   0.00000
   2.70000   0.00000
   2.80000   0.00000
   2.90000   0.00000
   3.00000   0.00000
