 dibenzylether sigma-profile (sigma [e/nm^2], p(sigma)*At [nm^2])
  -3.00000   0.00000
  -2.90000   0.00000
  -2.80000   0.00000
  -2.70000   0.00000
  -2.60000   0.00000
  -2.50000   0.00000
  -2.40000   0.00000
  -2.30000   0.00000
  -2.20000   0.00000
  -2.10000   0.00000
  -2.00000   0.00000
  -1.90000   0.00000
  -1.80000   0.00000
  -1.70000   0.00000
  -1.60000   0.00000
  -1.50000   0.00000
  -1.40000   0.00000
  -1.30000   0.00000
  -1.20000   0.00000
  -1.10000   0.00000
  -1.00000   0.00000
  -0.90000   0.00723
  -0.80000   0.05295
  -0.70000   0.13436
  -0.60000   0.19175
  -0.50000   0.20848
  -0.40000   0.19475
  -0.30000   0.16989
  -0.20000   0.16389
  -0.10000   0.16495
   0.00000   0.14485
   0.10000   0.11324
   0.20000   0.12393
   0.30000   0.16799
   0.40000   0.20086
   0.50000   0.21057
   0.60000   0.15456
   0.70000   0.05914
   0.80000   0.01473
   0.90000   0.01181
   1.00000   0.01015
   1.10000   0.01055
   1.20000   0.01170
   1.30000   0.01097
   1.40000   0.00980
   1.50000   0.01080
   1.60000   0.01114
   1.70000   0.00657
   1.80000   0.00150
   1.90000   0.00000
   2.00000   0.00000
   2.10000   0.00000
   2.20000   0.00000
   2.30000   0.00000
   2.40000   0.00000
   2.50000   0.00000
   2.60000   0.00000
   2.70000   0.00000
   2.80000   0.00000
   2.90000   0.00000
   3.00000   0.00000
