 4-hydroxyacetanilide sigma-profile (sigma [e/nm^2], p(sigma)*At [nm^2])
  -3.00000   0.00000
  -2.90000   0.00000
  -2.80000   0.00000
  -2.70000   0.00000
  -2.60000   0.00000
  -2.50000   0.00000
  -2.40000   0.00000
  -2.30000   0.00000
  -2.20000   0.00000
  -2.10000   0.00116
  -2.00000   0.00543
  -1.90000   0.01281
  -1.80000   0.01774
  -1.70000   0.01887
  -1.60000   0.01938
  -1.50000   0.01526
  -1.40000   0.01086
  -1.30000   0.01386
  -1.20000   0.01802
  -1.10000   0.01747
  -1.00000   0.01808
  -0.90000   0.03200
  -0.80000   0.05835
  -0.70000   0.07976
  -0.60000   0.08367
  -0.50000   0.08123
  -0.40000   0.08332
  -0.30000   0.08780
  -0.20000   0.09631
  -0.10000   0.10314
   0.00000   0.10275
   0.10000   0.10030
   0.20000   0.10316
   0.30000   0.11045
   0.40000   0.11996
   0.50000   0.11099
   0.60000   0.06912
   0.70000   0.02946
   0.80000   0.01622
   0.90000   0.01875
   1.00000   0.02471
   1.10000   0.02839
   1.20000   0.03051
   1.30000   0.03398
   1.40000   0.03444
   1.50000   0.02733
   1.60000   0.01790
   1.70000   0.01212
   1.80000   0.00820
   1.90000   0.00407
   2.00000   0.00107
   2.10000   0.00000
   2.20000   0.00000
   2.30000   0.00000
   2.40000   0.00000
   2.50000   0.00000
   2.60000   0.00000
   2.70000   0.00000
   2.80000   0.00000
   2.90000   0.00000
   3.00000   0.00000
