 1-methoxy-4-(1-propenyl)-benzene sigma-profile (sigma [e/nm^2], p(sigma)*At [nm^2])
  -3.00000   0.00000
  -2.90000   0.00000
  -2.80000   0.00000
  -2.70000   0.00000
  -2.60000   0.00000
  -2.50000   0.00000
  -2.40000   0.00000
  -2.30000   0.00000
  -2.20000   0.00000
  -2.10000   0.00000
  -2.00000   0.00000
  -1.90000   0.00000
  -1.80000   0.00000
  -1.70000   0.00000
  -1.60000   0.00000
  -1.50000   0.00000
  -1.40000   0.00000
  -1.30000   0.00000
  -1.20000   0.00000
  -1.10000   0.00000
  -1.00000   0.00085
  -0.90000   0.00726
  -0.80000   0.03565
  -0.70000   0.08702
  -0.60000   0.13342
  -0.50000   0.15366
  -0.40000   0.15186
  -0.30000   0.15117
  -0.20000   0.14313
  -0.10000   0.12565
   0.00000   0.12620
   0.10000   0.12489
   0.20000   0.11849
   0.30000   0.12127
   0.40000   0.12472
   0.50000   0.13301
   0.60000   0.11525
   0.70000   0.06456
   0.80000   0.03081
   0.90000   0.01893
   1.00000   0.01298
   1.10000   0.01286
   1.20000   0.01255
   1.30000   0.00803
   1.40000   0.00240
   1.50000   0.00000
   1.60000   0.00000
   1.70000   0.00000
   1.80000   0.00000
   1.90000   0.00000
   2.00000   0.00000
   2.10000   0.00000
   2.20000   0.00000
   2.30000   0.00000
   2.40000   0.00000
   2.50000   0.00000
   2.60000   0.00000
   2.70000   0.00000
   2.80000   0.00000
   2.90000   0.00000
   3.00000   0.00000
