 4-methylbenzaldehyde sigma-profile (sigma [e/nm^2], p(sigma)*At [nm^2])
  -3.00000   0.00000
  -2.90000   0.00000
  -2.80000   0.00000
  -2.70000   0.00000
  -2.60000   0.00000
  -2.50000   0.00000
  -2.40000   0.00000
  -2.30000   0.00000
  -2.20000   0.00000
  -2.10000   0.00000
  -2.00000   0.00000
  -1.90000   0.00000
  -1.80000   0.00000
  -1.70000   0.00000
  -1.60000   0.00000
  -1.50000   0.00000
  -1.40000   0.00000
  -1.30000   0.00000
  -1.20000   0.00000
  -1.10000   0.00000
  -1.00000   0.00079
  -0.90000   0.01336
  -0.80000   0.04996
  -0.70000   0.09297
  -0.60000   0.11550
  -0.50000   0.11536
  -0.40000   0.10891
  -0.30000   0.10398
  -0.20000   0.10498
  -0.10000   0.11848
   0.00000   0.13281
   0.10000   0.13160
   0.20000   0.12490
   0.30000   0.12203
   0.40000   0.08611
   0.50000   0.03036
   0.60000   0.00880
   0.70000   0.00936
   0.80000   0.01028
   0.90000   0.01302
   1.00000   0.01819
   1.10000   0.02605
   1.20000   0.03069
   1.30000   0.02804
   1.40000   0.02244
   1.50000   0.01592
   1.60000   0.00903
   1.70000   0.00331
   1.80000   0.00045
   1.90000   0.00000
   2.00000   0.00000
   2.10000   0.00000
   2.20000   0.00000
   2.30000   0.00000
   2.40000   0.00000
   2.50000   0.00000
   2.60000   0.00000
   2.70000   0.00000
   2.80000   0.00000
   2.90000   0.00000
   3.00000   0.00000
