 2-ethyl-1-hexanol sigma-profile (sigma [e/nm^2], p(sigma)*At [nm^2])
  -3.00000   0.00000
  -2.90000   0.00000
  -2.80000   0.00000
  -2.70000   0.00000
  -2.60000   0.00000
  -2.50000   0.00000
  -2.40000   0.00000
  -2.30000   0.00000
  -2.20000   0.00000
  -2.10000   0.00000
  -2.00000   0.00000
  -1.90000   0.00000
  -1.80000   0.00131
  -1.70000   0.00578
  -1.60000   0.01059
  -1.50000   0.01011
  -1.40000   0.00681
  -1.30000   0.00691
  -1.20000   0.00812
  -1.10000   0.00704
  -1.00000   0.00574
  -0.90000   0.00490
  -0.80000   0.00488
  -0.70000   0.00666
  -0.60000   0.01864
  -0.50000   0.06975
  -0.40000   0.15692
  -0.30000   0.21052
  -0.20000   0.21583
  -0.10000   0.21663
   0.00000   0.21027
   0.10000   0.20985
   0.20000   0.22084
   0.30000   0.17720
   0.40000   0.08174
   0.50000   0.02097
   0.60000   0.00780
   0.70000   0.00655
   0.80000   0.00760
   0.90000   0.00812
   1.00000   0.00779
   1.10000   0.00882
   1.20000   0.01200
   1.30000   0.01336
   1.40000   0.01157
   1.50000   0.01368
   1.60000   0.01779
   1.70000   0.01444
   1.80000   0.00603
   1.90000   0.00096
   2.00000   0.00000
   2.10000   0.00000
   2.20000   0.00000
   2.30000   0.00000
   2.40000   0.00000
   2.50000   0.00000
   2.60000   0.00000
   2.70000   0.00000
   2.80000   0.00000
   2.90000   0.00000
   3.00000   0.00000
