 3,5-dimethylbenzofuran sigma-profile (sigma [e/nm^2], p(sigma)*At [nm^2])
  -3.00000   0.00000
  -2.90000   0.00000
  -2.80000   0.00000
  -2.70000   0.00000
  -2.60000   0.00000
  -2.50000   0.00000
  -2.40000   0.00000
  -2.30000   0.00000
  -2.20000   0.00000
  -2.10000   0.00000
  -2.00000   0.00000
  -1.90000   0.00000
  -1.80000   0.00000
  -1.70000   0.00000
  -1.60000   0.00000
  -1.50000   0.00000
  -1.40000   0.00000
  -1.30000   0.00000
  -1.20000   0.00020
  -1.10000   0.00414
  -1.00000   0.01218
  -0.90000   0.01970
  -0.80000   0.03156
  -0.70000   0.05606
  -0.60000   0.09510
  -0.50000   0.12408
  -0.40000   0.12458
  -0.30000   0.11798
  -0.20000   0.11443
  -0.10000   0.12294
   0.00000   0.15324
   0.10000   0.17743
   0.20000   0.16543
   0.30000   0.14011
   0.40000   0.13004
   0.50000   0.11981
   0.60000   0.08754
   0.70000   0.04222
   0.80000   0.01754
   0.90000   0.01499
   1.00000   0.01334
   1.10000   0.00775
   1.20000   0.00205
   1.30000   0.00000
   1.40000   0.00000
   1.50000   0.00000
   1.60000   0.00000
   1.70000   0.00000
   1.80000   0.00000
   1.90000   0.00000
   2.00000   0.00000
   2.10000   0.00000
   2.20000   0.00000
   2.30000   0.00000
   2.40000   0.00000
   2.50000   0.00000
   2.60000   0.00000
   2.70000   0.00000
   2.80000   0.00000
   2.90000   0.00000
   3.00000   0.00000
