 tridecanal sigma-profile (sigma [e/nm^2], p(sigma)*At [nm^2])
  -3.00000   0.00000
  -2.90000   0.00000
  -2.80000   0.00000
  -2.70000   0.00000
  -2.60000   0.00000
  -2.50000   0.00000
  -2.40000   0.00000
  -2.30000   0.00000
  -2.20000   0.00000
  -2.10000   0.00000
  -2.00000   0.00000
  -1.90000   0.00000
  -1.80000   0.00000
  -1.70000   0.00000
  -1.60000   0.00000
  -1.50000   0.00000
  -1.40000   0.00000
  -1.30000   0.00000
  -1.20000   0.00000
  -1.10000   0.00000
  -1.00000   0.00000
  -0.90000   0.00144
  -0.80000   0.01886
  -0.70000   0.05397
  -0.60000   0.07915
  -0.50000   0.10892
  -0.40000   0.20493
  -0.30000   0.32429
  -0.20000   0.37180
  -0.10000   0.36620
   0.00000   0.34499
   0.10000   0.31096
   0.20000   0.27230
   0.30000   0.21772
   0.40000   0.12449
   0.50000   0.03800
   0.60000   0.01247
   0.70000   0.01317
   0.80000   0.01054
   0.90000   0.01405
   1.00000   0.02182
   1.10000   0.02718
   1.20000   0.02733
   1.30000   0.02328
   1.40000   0.02017
   1.50000   0.01641
   1.60000   0.00976
   1.70000   0.00317
   1.80000   0.00016
   1.90000   0.00000
   2.00000   0.00000
   2.10000   0.00000
   2.20000   0.00000
   2.30000   0.00000
   2.40000   0.00000
   2.50000   0.00000
   2.60000   0.00000
   2.70000   0.00000
   2.80000   0.00000
   2.90000   0.00000
   3.00000   0.00000
