 2,4-dimethylphenol sigma-profile (sigma [e/nm^2], p(sigma)*At [nm^2])
  -3.00000   0.00000
  -2.90000   0.00000
  -2.80000   0.00000
  -2.70000   0.00000
  -2.60000   0.00000
  -2.50000   0.00000
  -2.40000   0.00000
  -2.30000   0.00000
  -2.20000   0.00000
  -2.10000   0.00019
  -2.00000   0.00295
  -1.90000   0.00858
  -1.80000   0.01115
  -1.70000   0.00933
  -1.60000   0.00881
  -1.50000   0.00925
  -1.40000   0.00650
  -1.30000   0.00354
  -1.20000   0.00420
  -1.10000   0.00787
  -1.00000   0.00964
  -0.90000   0.00923
  -0.80000   0.01629
  -0.70000   0.03354
  -0.60000   0.06741
  -0.50000   0.10828
  -0.40000   0.11619
  -0.30000   0.10207
  -0.20000   0.09602
  -0.10000   0.09883
   0.00000   0.12234
   0.10000   0.14957
   0.20000   0.14109
   0.30000   0.10757
   0.40000   0.08940
   0.50000   0.08586
   0.60000   0.08180
   0.70000   0.06673
   0.80000   0.03690
   0.90000   0.01719
   1.00000   0.01321
   1.10000   0.01218
   1.20000   0.01401
   1.30000   0.01444
   1.40000   0.00743
   1.50000   0.00106
   1.60000   0.00000
   1.70000   0.00000
   1.80000   0.00000
   1.90000   0.00000
   2.00000   0.00000
   2.10000   0.00000
   2.20000   0.00000
   2.30000   0.00000
   2.40000   0.00000
   2.50000   0.00000
   2.60000   0.00000
   2.70000   0.00000
   2.80000   0.00000
   2.90000   0.00000
   3.00000   0.00000
