 n-propylbutyrate sigma-profile (sigma [e/nm^2], p(sigma)*At [nm^2])
  -3.00000   0.00000
  -2.90000   0.00000
  -2.80000   0.00000
  -2.70000   0.00000
  -2.60000   0.00000
  -2.50000   0.00000
  -2.40000   0.00000
  -2.30000   0.00000
  -2.20000   0.00000
  -2.10000   0.00000
  -2.00000   0.00000
  -1.90000   0.00000
  -1.80000   0.00000
  -1.70000   0.00000
  -1.60000   0.00000
  -1.50000   0.00000
  -1.40000   0.00000
  -1.30000   0.00000
  -1.20000   0.00000
  -1.10000   0.00000
  -1.00000   0.00000
  -0.90000   0.00027
  -0.80000   0.01108
  -0.70000   0.03989
  -0.60000   0.08083
  -0.50000   0.14459
  -0.40000   0.20946
  -0.30000   0.22410
  -0.20000   0.20410
  -0.10000   0.17966
   0.00000   0.16310
   0.10000   0.16264
   0.20000   0.14460
   0.30000   0.08832
   0.40000   0.03460
   0.50000   0.01705
   0.60000   0.01830
   0.70000   0.02046
   0.80000   0.02087
   0.90000   0.01903
   1.00000   0.02055
   1.10000   0.02649
   1.20000   0.03353
   1.30000   0.03542
   1.40000   0.02736
   1.50000   0.01628
   1.60000   0.00768
   1.70000   0.00195
   1.80000   0.00008
   1.90000   0.00000
   2.00000   0.00000
   2.10000   0.00000
   2.20000   0.00000
   2.30000   0.00000
   2.40000   0.00000
   2.50000   0.00000
   2.60000   0.00000
   2.70000   0.00000
   2.80000   0.00000
   2.90000   0.00000
   3.00000   0.00000
