 cyanoaceticacidethylester sigma-profile (sigma [e/nm^2], p(sigma)*At [nm^2])
  -3.00000   0.00000
  -2.90000   0.00000
  -2.80000   0.00000
  -2.70000   0.00000
  -2.60000   0.00000
  -2.50000   0.00000
  -2.40000   0.00000
  -2.30000   0.00000
  -2.20000   0.00000
  -2.10000   0.00000
  -2.00000   0.00000
  -1.90000   0.00000
  -1.80000   0.00000
  -1.70000   0.00000
  -1.60000   0.00000
  -1.50000   0.00000
  -1.40000   0.00055
  -1.30000   0.01570
  -1.20000   0.03978
  -1.10000   0.04269
  -1.00000   0.03476
  -0.90000   0.03384
  -0.80000   0.04916
  -0.70000   0.08445
  -0.60000   0.10766
  -0.50000   0.10567
  -0.40000   0.10210
  -0.30000   0.09945
  -0.20000   0.08247
  -0.10000   0.06828
   0.00000   0.07410
   0.10000   0.07056
   0.20000   0.04345
   0.30000   0.02915
   0.40000   0.03516
   0.50000   0.03772
   0.60000   0.03986
   0.70000   0.04922
   0.80000   0.05892
   0.90000   0.05982
   1.00000   0.05958
   1.10000   0.06184
   1.20000   0.05422
   1.30000   0.03788
   1.40000   0.01860
   1.50000   0.00414
   1.60000   0.00003
   1.70000   0.00000
   1.80000   0.00000
   1.90000   0.00000
   2.00000   0.00000
   2.10000   0.00000
   2.20000   0.00000
   2.30000   0.00000
   2.40000   0.00000
   2.50000   0.00000
   2.60000   0.00000
   2.70000   0.00000
   2.80000   0.00000
   2.90000   0.00000
   3.00000   0.00000
