 sec-butylacetate sigma-profile (sigma [e/nm^2], p(sigma)*At [nm^2])
  -3.00000   0.00000
  -2.90000   0.00000
  -2.80000   0.00000
  -2.70000   0.00000
  -2.60000   0.00000
  -2.50000   0.00000
  -2.40000   0.00000
  -2.30000   0.00000
  -2.20000   0.00000
  -2.10000   0.00000
  -2.00000   0.00000
  -1.90000   0.00000
  -1.80000   0.00000
  -1.70000   0.00000
  -1.60000   0.00000
  -1.50000   0.00000
  -1.40000   0.00000
  -1.30000   0.00000
  -1.20000   0.00000
  -1.10000   0.00000
  -1.00000   0.00005
  -0.90000   0.00489
  -0.80000   0.02220
  -0.70000   0.04853
  -0.60000   0.08387
  -0.50000   0.13138
  -0.40000   0.16200
  -0.30000   0.16368
  -0.20000   0.16411
  -0.10000   0.16674
   0.00000   0.16522
   0.10000   0.15265
   0.20000   0.11324
   0.30000   0.06219
   0.40000   0.02732
   0.50000   0.01325
   0.60000   0.01253
   0.70000   0.01596
   0.80000   0.01738
   0.90000   0.01744
   1.00000   0.01817
   1.10000   0.02254
   1.20000   0.03153
   1.30000   0.03497
   1.40000   0.02808
   1.50000   0.01817
   1.60000   0.00906
   1.70000   0.00289
   1.80000   0.00052
   1.90000   0.00000
   2.00000   0.00000
   2.10000   0.00000
   2.20000   0.00000
   2.30000   0.00000
   2.40000   0.00000
   2.50000   0.00000
   2.60000   0.00000
   2.70000   0.00000
   2.80000   0.00000
   2.90000   0.00000
   3.00000   0.00000
