 ethylchloroacetate sigma-profile (sigma [e/nm^2], p(sigma)*At [nm^2])
  -3.00000   0.00000
  -2.90000   0.00000
  -2.80000   0.00000
  -2.70000   0.00000
  -2.60000   0.00000
  -2.50000   0.00000
  -2.40000   0.00000
  -2.30000   0.00000
  -2.20000   0.00000
  -2.10000   0.00000
  -2.00000   0.00000
  -1.90000   0.00000
  -1.80000   0.00000
  -1.70000   0.00000
  -1.60000   0.00000
  -1.50000   0.00000
  -1.40000   0.00000
  -1.30000   0.00000
  -1.20000   0.00687
  -1.10000   0.02540
  -1.00000   0.03723
  -0.90000   0.03567
  -0.80000   0.04321
  -0.70000   0.06848
  -0.60000   0.09747
  -0.50000   0.11144
  -0.40000   0.11336
  -0.30000   0.10792
  -0.20000   0.09022
  -0.10000   0.08121
   0.00000   0.08424
   0.10000   0.07841
   0.20000   0.06494
   0.30000   0.04891
   0.40000   0.04488
   0.50000   0.06749
   0.60000   0.08119
   0.70000   0.05742
   0.80000   0.03128
   0.90000   0.02573
   1.00000   0.02718
   1.10000   0.03353
   1.20000   0.03636
   1.30000   0.02607
   1.40000   0.01552
   1.50000   0.00905
   1.60000   0.00293
   1.70000   0.00013
   1.80000   0.00000
   1.90000   0.00000
   2.00000   0.00000
   2.10000   0.00000
   2.20000   0.00000
   2.30000   0.00000
   2.40000   0.00000
   2.50000   0.00000
   2.60000   0.00000
   2.70000   0.00000
   2.80000   0.00000
   2.90000   0.00000
   3.00000   0.00000
