 1,4-cyclohexanedimethanol sigma-profile (sigma [e/nm^2], p(sigma)*At [nm^2])
  -3.00000   0.00000
  -2.90000   0.00000
  -2.80000   0.00000
  -2.70000   0.00000
  -2.60000   0.00000
  -2.50000   0.00000
  -2.40000   0.00000
  -2.30000   0.00000
  -2.20000   0.00000
  -2.10000   0.00000
  -2.00000   0.00000
  -1.90000   0.00000
  -1.80000   0.00261
  -1.70000   0.01152
  -1.60000   0.02041
  -1.50000   0.02013
  -1.40000   0.01671
  -1.30000   0.01558
  -1.20000   0.01296
  -1.10000   0.01149
  -1.00000   0.01237
  -0.90000   0.01135
  -0.80000   0.00993
  -0.70000   0.01223
  -0.60000   0.02851
  -0.50000   0.08372
  -0.40000   0.16547
  -0.30000   0.21032
  -0.20000   0.20388
  -0.10000   0.18735
   0.00000   0.17806
   0.10000   0.15840
   0.20000   0.11642
   0.30000   0.06885
   0.40000   0.03543
   0.50000   0.02110
   0.60000   0.01800
   0.70000   0.01872
   0.80000   0.01847
   0.90000   0.01399
   1.00000   0.01277
   1.10000   0.01926
   1.20000   0.02644
   1.30000   0.02537
   1.40000   0.02083
   1.50000   0.02820
   1.60000   0.03820
   1.70000   0.03007
   1.80000   0.01271
   1.90000   0.00252
   2.00000   0.00000
   2.10000   0.00000
   2.20000   0.00000
   2.30000   0.00000
   2.40000   0.00000
   2.50000   0.00000
   2.60000   0.00000
   2.70000   0.00000
   2.80000   0.00000
   2.90000   0.00000
   3.00000   0.00000
