 ethylpropionate sigma-profile (sigma [e/nm^2], p(sigma)*At [nm^2])
  -3.00000   0.00000
  -2.90000   0.00000
  -2.80000   0.00000
  -2.70000   0.00000
  -2.60000   0.00000
  -2.50000   0.00000
  -2.40000   0.00000
  -2.30000   0.00000
  -2.20000   0.00000
  -2.10000   0.00000
  -2.00000   0.00000
  -1.90000   0.00000
  -1.80000   0.00000
  -1.70000   0.00000
  -1.60000   0.00000
  -1.50000   0.00000
  -1.40000   0.00000
  -1.30000   0.00000
  -1.20000   0.00000
  -1.10000   0.00000
  -1.00000   0.00000
  -0.90000   0.00064
  -0.80000   0.01418
  -0.70000   0.05208
  -0.60000   0.10210
  -0.50000   0.14067
  -0.40000   0.15543
  -0.30000   0.15694
  -0.20000   0.14890
  -0.10000   0.13121
   0.00000   0.12080
   0.10000   0.11243
   0.20000   0.08494
   0.30000   0.04472
   0.40000   0.02055
   0.50000   0.01865
   0.60000   0.02007
   0.70000   0.01868
   0.80000   0.01908
   0.90000   0.02010
   1.00000   0.02062
   1.10000   0.02481
   1.20000   0.03383
   1.30000   0.03670
   1.40000   0.02654
   1.50000   0.01542
   1.60000   0.00849
   1.70000   0.00252
   1.80000   0.00005
   1.90000   0.00000
   2.00000   0.00000
   2.10000   0.00000
   2.20000   0.00000
   2.30000   0.00000
   2.40000   0.00000
   2.50000   0.00000
   2.60000   0.00000
   2.70000   0.00000
   2.80000   0.00000
   2.90000   0.00000
   3.00000   0.00000
