 (z)-2-butenedioicaciddibutylester sigma-profile (sigma [e/nm^2], p(sigma)*At [nm^2])
  -3.00000   0.00000
  -2.90000   0.00000
  -2.80000   0.00000
  -2.70000   0.00000
  -2.60000   0.00000
  -2.50000   0.00000
  -2.40000   0.00000
  -2.30000   0.00000
  -2.20000   0.00000
  -2.10000   0.00000
  -2.00000   0.00000
  -1.90000   0.00000
  -1.80000   0.00000
  -1.70000   0.00000
  -1.60000   0.00000
  -1.50000   0.00000
  -1.40000   0.00000
  -1.30000   0.00000
  -1.20000   0.00232
  -1.10000   0.01215
  -1.00000   0.02508
  -0.90000   0.03176
  -0.80000   0.04652
  -0.70000   0.07274
  -0.60000   0.10842
  -0.50000   0.19187
  -0.40000   0.28964
  -0.30000   0.31757
  -0.20000   0.29658
  -0.10000   0.26547
   0.00000   0.23389
   0.10000   0.22664
   0.20000   0.21257
   0.30000   0.14753
   0.40000   0.07163
   0.50000   0.03772
   0.60000   0.03513
   0.70000   0.03823
   0.80000   0.03990
   0.90000   0.04387
   1.00000   0.05104
   1.10000   0.06333
   1.20000   0.07157
   1.30000   0.05466
   1.40000   0.02821
   1.50000   0.01177
   1.60000   0.00295
   1.70000   0.00012
   1.80000   0.00000
   1.90000   0.00000
   2.00000   0.00000
   2.10000   0.00000
   2.20000   0.00000
   2.30000   0.00000
   2.40000   0.00000
   2.50000   0.00000
   2.60000   0.00000
   2.70000   0.00000
   2.80000   0.00000
   2.90000   0.00000
   3.00000   0.00000
