 1,1-diethoxyethane sigma-profile (sigma [e/nm^2], p(sigma)*At [nm^2])
  -3.00000   0.00000
  -2.90000   0.00000
  -2.80000   0.00000
  -2.70000   0.00000
  -2.60000   0.00000
  -2.50000   0.00000
  -2.40000   0.00000
  -2.30000   0.00000
  -2.20000   0.00000
  -2.10000   0.00000
  -2.00000   0.00000
  -1.90000   0.00000
  -1.80000   0.00000
  -1.70000   0.00000
  -1.60000   0.00000
  -1.50000   0.00000
  -1.40000   0.00000
  -1.30000   0.00000
  -1.20000   0.00000
  -1.10000   0.00000
  -1.00000   0.00000
  -0.90000   0.00000
  -0.80000   0.00021
  -0.70000   0.01223
  -0.60000   0.07643
  -0.50000   0.17144
  -0.40000   0.20311
  -0.30000   0.18742
  -0.20000   0.18363
  -0.10000   0.17856
   0.00000   0.17525
   0.10000   0.17511
   0.20000   0.13421
   0.30000   0.06231
   0.40000   0.02657
   0.50000   0.02335
   0.60000   0.02080
   0.70000   0.01689
   0.80000   0.01168
   0.90000   0.00930
   1.00000   0.01228
   1.10000   0.01744
   1.20000   0.01787
   1.30000   0.01541
   1.40000   0.01931
   1.50000   0.02528
   1.60000   0.02306
   1.70000   0.01340
   1.80000   0.00391
   1.90000   0.00019
   2.00000   0.00000
   2.10000   0.00000
   2.20000   0.00000
   2.30000   0.00000
   2.40000   0.00000
   2.50000   0.00000
   2.60000   0.00000
   2.70000   0.00000
   2.80000   0.00000
   2.90000   0.00000
   3.00000   0.00000
