 butoxide sigma-profile (sigma [e/nm^2], p(sigma)*At [nm^2])
  -3.00000   0.00000
  -2.90000   0.00000
  -2.80000   0.00000
  -2.70000   0.00000
  -2.60000   0.00000
  -2.50000   0.00000
  -2.40000   0.00000
  -2.30000   0.00000
  -2.20000   0.00000
  -2.10000   0.00000
  -2.00000   0.00000
  -1.90000   0.00000
  -1.80000   0.00000
  -1.70000   0.00000
  -1.60000   0.00000
  -1.50000   0.00000
  -1.40000   0.00000
  -1.30000   0.00000
  -1.20000   0.00000
  -1.10000   0.00000
  -1.00000   0.00000
  -0.90000   0.00082
  -0.80000   0.01320
  -0.70000   0.03915
  -0.60000   0.06681
  -0.50000   0.09402
  -0.40000   0.11176
  -0.30000   0.11528
  -0.20000   0.11526
  -0.10000   0.11261
   0.00000   0.11029
   0.10000   0.10737
   0.20000   0.08273
   0.30000   0.04267
   0.40000   0.01963
   0.50000   0.01399
   0.60000   0.01023
   0.70000   0.00831
   0.80000   0.00969
   0.90000   0.01205
   1.00000   0.01470
   1.10000   0.01887
   1.20000   0.02315
   1.30000   0.02238
   1.40000   0.01754
   1.50000   0.01300
   1.60000   0.00799
   1.70000   0.00262
   1.80000   0.00017
   1.90000   0.00000
   2.00000   0.00000
   2.10000   0.00000
   2.20000   0.00000
   2.30000   0.00000
   2.40000   0.00000
   2.50000   0.00000
   2.60000   0.00000
   2.70000   0.00000
   2.80000   0.00000
   2.90000   0.00000
   3.00000   0.00000
