 (2-propenyloxy)methyl-oxirane sigma-profile (sigma [e/nm^2], p(sigma)*At [nm^2])
  -3.00000   0.00000
  -2.90000   0.00000
  -2.80000   0.00000
  -2.70000   0.00000
  -2.60000   0.00000
  -2.50000   0.00000
  -2.40000   0.00000
  -2.30000   0.00000
  -2.20000   0.00000
  -2.10000   0.00000
  -2.00000   0.00000
  -1.90000   0.00000
  -1.80000   0.00000
  -1.70000   0.00000
  -1.60000   0.00000
  -1.50000   0.00000
  -1.40000   0.00000
  -1.30000   0.00000
  -1.20000   0.00000
  -1.10000   0.00000
  -1.00000   0.00000
  -0.90000   0.00858
  -0.80000   0.04348
  -0.70000   0.10531
  -0.60000   0.15477
  -0.50000   0.15954
  -0.40000   0.14324
  -0.30000   0.13496
  -0.20000   0.13371
  -0.10000   0.12133
   0.00000   0.09099
   0.10000   0.06482
   0.20000   0.05226
   0.30000   0.04924
   0.40000   0.05087
   0.50000   0.04536
   0.60000   0.03882
   0.70000   0.03890
   0.80000   0.03622
   0.90000   0.03003
   1.00000   0.03151
   1.10000   0.03689
   1.20000   0.03289
   1.30000   0.02681
   1.40000   0.02780
   1.50000   0.02403
   1.60000   0.01159
   1.70000   0.00244
   1.80000   0.00009
   1.90000   0.00000
   2.00000   0.00000
   2.10000   0.00000
   2.20000   0.00000
   2.30000   0.00000
   2.40000   0.00000
   2.50000   0.00000
   2.60000   0.00000
   2.70000   0.00000
   2.80000   0.00000
   2.90000   0.00000
   3.00000   0.00000
