 propylpropionate sigma-profile (sigma [e/nm^2], p(sigma)*At [nm^2])
  -3.00000   0.00000
  -2.90000   0.00000
  -2.80000   0.00000
  -2.70000   0.00000
  -2.60000   0.00000
  -2.50000   0.00000
  -2.40000   0.00000
  -2.30000   0.00000
  -2.20000   0.00000
  -2.10000   0.00000
  -2.00000   0.00000
  -1.90000   0.00000
  -1.80000   0.00000
  -1.70000   0.00000
  -1.60000   0.00000
  -1.50000   0.00000
  -1.40000   0.00000
  -1.30000   0.00000
  -1.20000   0.00000
  -1.10000   0.00000
  -1.00000   0.00000
  -0.90000   0.00066
  -0.80000   0.01303
  -0.70000   0.04386
  -0.60000   0.08864
  -0.50000   0.14555
  -0.40000   0.18459
  -0.30000   0.18695
  -0.20000   0.17745
  -0.10000   0.15959
   0.00000   0.14058
   0.10000   0.13813
   0.20000   0.11793
   0.30000   0.06390
   0.40000   0.02580
   0.50000   0.01934
   0.60000   0.01835
   0.70000   0.01843
   0.80000   0.01953
   0.90000   0.01919
   1.00000   0.02086
   1.10000   0.02500
   1.20000   0.03396
   1.30000   0.03706
   1.40000   0.02700
   1.50000   0.01624
   1.60000   0.00811
   1.70000   0.00192
   1.80000   0.00000
   1.90000   0.00000
   2.00000   0.00000
   2.10000   0.00000
   2.20000   0.00000
   2.30000   0.00000
   2.40000   0.00000
   2.50000   0.00000
   2.60000   0.00000
   2.70000   0.00000
   2.80000   0.00000
   2.90000   0.00000
   3.00000   0.00000
