 4-chlorophenol sigma-profile (sigma [e/nm^2], p(sigma)*At [nm^2])
  -3.00000   0.00000
  -2.90000   0.00000
  -2.80000   0.00000
  -2.70000   0.00000
  -2.60000   0.00000
  -2.50000   0.00000
  -2.40000   0.00000
  -2.30000   0.00000
  -2.20000   0.00006
  -2.10000   0.00215
  -2.00000   0.00740
  -1.90000   0.01122
  -1.80000   0.01051
  -1.70000   0.00931
  -1.60000   0.00882
  -1.50000   0.00678
  -1.40000   0.00577
  -1.30000   0.00649
  -1.20000   0.00695
  -1.10000   0.00778
  -1.00000   0.01682
  -0.90000   0.03928
  -0.80000   0.05662
  -0.70000   0.05324
  -0.60000   0.04572
  -0.50000   0.04527
  -0.40000   0.04741
  -0.30000   0.05324
  -0.20000   0.05870
  -0.10000   0.06036
   0.00000   0.06631
   0.10000   0.10094
   0.20000   0.14928
   0.30000   0.16549
   0.40000   0.15169
   0.50000   0.12363
   0.60000   0.08047
   0.70000   0.03445
   0.80000   0.01157
   0.90000   0.00966
   1.00000   0.01307
   1.10000   0.01759
   1.20000   0.01699
   1.30000   0.00952
   1.40000   0.00223
   1.50000   0.00000
   1.60000   0.00000
   1.70000   0.00000
   1.80000   0.00000
   1.90000   0.00000
   2.00000   0.00000
   2.10000   0.00000
   2.20000   0.00000
   2.30000   0.00000
   2.40000   0.00000
   2.50000   0.00000
   2.60000   0.00000
   2.70000   0.00000
   2.80000   0.00000
   2.90000   0.00000
   3.00000   0.00000
