 1-bromopropane sigma-profile (sigma [e/nm^2], p(sigma)*At [nm^2])
  -3.00000   0.00000
  -2.90000   0.00000
  -2.80000   0.00000
  -2.70000   0.00000
  -2.60000   0.00000
  -2.50000   0.00000
  -2.40000   0.00000
  -2.30000   0.00000
  -2.20000   0.00000
  -2.10000   0.00000
  -2.00000   0.00000
  -1.90000   0.00000
  -1.80000   0.00000
  -1.70000   0.00000
  -1.60000   0.00000
  -1.50000   0.00000
  -1.40000   0.00000
  -1.30000   0.00000
  -1.20000   0.00000
  -1.10000   0.00000
  -1.00000   0.00052
  -0.90000   0.00924
  -0.80000   0.02538
  -0.70000   0.03224
  -0.60000   0.04961
  -0.50000   0.08782
  -0.40000   0.10768
  -0.30000   0.11163
  -0.20000   0.10863
  -0.10000   0.09634
   0.00000   0.09317
   0.10000   0.09260
   0.20000   0.07901
   0.30000   0.05296
   0.40000   0.03738
   0.50000   0.04540
   0.60000   0.06432
   0.70000   0.07725
   0.80000   0.05755
   0.90000   0.01777
   1.00000   0.00000
   1.10000   0.00000
   1.20000   0.00000
   1.30000   0.00000
   1.40000   0.00000
   1.50000   0.00000
   1.60000   0.00000
   1.70000   0.00000
   1.80000   0.00000
   1.90000   0.00000
   2.00000   0.00000
   2.10000   0.00000
   2.20000   0.00000
   2.30000   0.00000
   2.40000   0.00000
   2.50000   0.00000
   2.60000   0.00000
   2.70000   0.00000
   2.80000   0.00000
   2.90000   0.00000
   3.00000   0.00000
