 (chloromethyl)-oxirane sigma-profile (sigma [e/nm^2], p(sigma)*At [nm^2])
  -3.00000   0.00000
  -2.90000   0.00000
  -2.80000   0.00000
  -2.70000   0.00000
  -2.60000   0.00000
  -2.50000   0.00000
  -2.40000   0.00000
  -2.30000   0.00000
  -2.20000   0.00000
  -2.10000   0.00000
  -2.00000   0.00000
  -1.90000   0.00000
  -1.80000   0.00000
  -1.70000   0.00000
  -1.60000   0.00000
  -1.50000   0.00000
  -1.40000   0.00000
  -1.30000   0.00000
  -1.20000   0.00000
  -1.10000   0.00341
  -1.00000   0.02192
  -0.90000   0.05752
  -0.80000   0.08222
  -0.70000   0.08093
  -0.60000   0.07021
  -0.50000   0.06587
  -0.40000   0.07061
  -0.30000   0.07091
  -0.20000   0.06207
  -0.10000   0.05267
   0.00000   0.04475
   0.10000   0.03349
   0.20000   0.03032
   0.30000   0.04413
   0.40000   0.04576
   0.50000   0.04489
   0.60000   0.07404
   0.70000   0.08439
   0.80000   0.04968
   0.90000   0.02334
   1.00000   0.02167
   1.10000   0.02293
   1.20000   0.02063
   1.30000   0.01653
   1.40000   0.01054
   1.50000   0.00388
   1.60000   0.00048
   1.70000   0.00000
   1.80000   0.00000
   1.90000   0.00000
   2.00000   0.00000
   2.10000   0.00000
   2.20000   0.00000
   2.30000   0.00000
   2.40000   0.00000
   2.50000   0.00000
   2.60000   0.00000
   2.70000   0.00000
   2.80000   0.00000
   2.90000   0.00000
   3.00000   0.00000
