 2,3,4,5,2',3',4',5'-octahydro-bifuryl-(3,3') sigma-profile (sigma [e/nm^2], p(sigma)*At [nm^2])
  -3.00000   0.00000
  -2.90000   0.00000
  -2.80000   0.00000
  -2.70000   0.00000
  -2.60000   0.00000
  -2.50000   0.00000
  -2.40000   0.00000
  -2.30000   0.00000
  -2.20000   0.00000
  -2.10000   0.00000
  -2.00000   0.00000
  -1.90000   0.00000
  -1.80000   0.00000
  -1.70000   0.00000
  -1.60000   0.00000
  -1.50000   0.00000
  -1.40000   0.00000
  -1.30000   0.00000
  -1.20000   0.00000
  -1.10000   0.00000
  -1.00000   0.00000
  -0.90000   0.00000
  -0.80000   0.00017
  -0.70000   0.01388
  -0.60000   0.07820
  -0.50000   0.17632
  -0.40000   0.23486
  -0.30000   0.24610
  -0.20000   0.23348
  -0.10000   0.19581
   0.00000   0.14758
   0.10000   0.09775
   0.20000   0.04998
   0.30000   0.02608
   0.40000   0.02775
   0.50000   0.03024
   0.60000   0.02043
   0.70000   0.00918
   0.80000   0.00897
   0.90000   0.01464
   1.00000   0.01838
   1.10000   0.02116
   1.20000   0.02047
   1.30000   0.01804
   1.40000   0.02028
   1.50000   0.02667
   1.60000   0.03437
   1.70000   0.02986
   1.80000   0.01157
   1.90000   0.00077
   2.00000   0.00000
   2.10000   0.00000
   2.20000   0.00000
   2.30000   0.00000
   2.40000   0.00000
   2.50000   0.00000
   2.60000   0.00000
   2.70000   0.00000
   2.80000   0.00000
   2.90000   0.00000
   3.00000   0.00000
