 tris(2-methoxyethoxy)vinylsilane sigma-profile (sigma [e/nm^2], p(sigma)*At [nm^2])
  -3.00000   0.00000
  -2.90000   0.00000
  -2.80000   0.00000
  -2.70000   0.00000
  -2.60000   0.00000
  -2.50000   0.00000
  -2.40000   0.00000
  -2.30000   0.00000
  -2.20000   0.00000
  -2.10000   0.00000
  -2.00000   0.00000
  -1.90000   0.00000
  -1.80000   0.00000
  -1.70000   0.00000
  -1.60000   0.00000
  -1.50000   0.00000
  -1.40000   0.00000
  -1.30000   0.00000
  -1.20000   0.00000
  -1.10000   0.00000
  -1.00000   0.00000
  -0.90000   0.00243
  -0.80000   0.02484
  -0.70000   0.10119
  -0.60000   0.24002
  -0.50000   0.36920
  -0.40000   0.40604
  -0.30000   0.36825
  -0.20000   0.34275
  -0.10000   0.32801
   0.00000   0.25277
   0.10000   0.15687
   0.20000   0.10560
   0.30000   0.09009
   0.40000   0.08120
   0.50000   0.06542
   0.60000   0.05086
   0.70000   0.04624
   0.80000   0.04763
   0.90000   0.04857
   1.00000   0.04949
   1.10000   0.04578
   1.20000   0.03967
   1.30000   0.04424
   1.40000   0.05987
   1.50000   0.06688
   1.60000   0.05125
   1.70000   0.02421
   1.80000   0.00540
   1.90000   0.00003
   2.00000   0.00000
   2.10000   0.00000
   2.20000   0.00000
   2.30000   0.00000
   2.40000   0.00000
   2.50000   0.00000
   2.60000   0.00000
   2.70000   0.00000
   2.80000   0.00000
   2.90000   0.00000
   3.00000   0.00000
