 tetradecamethylhexasiloxane sigma-profile (sigma [e/nm^2], p(sigma)*At [nm^2])
  -3.00000   0.00000
  -2.90000   0.00000
  -2.80000   0.00000
  -2.70000   0.00000
  -2.60000   0.00000
  -2.50000   0.00000
  -2.40000   0.00000
  -2.30000   0.00000
  -2.20000   0.00000
  -2.10000   0.00000
  -2.00000   0.00000
  -1.90000   0.00000
  -1.80000   0.00000
  -1.70000   0.00000
  -1.60000   0.00000
  -1.50000   0.00000
  -1.40000   0.00000
  -1.30000   0.00000
  -1.20000   0.00000
  -1.10000   0.00000
  -1.00000   0.00000
  -0.90000   0.00000
  -0.80000   0.00142
  -0.70000   0.05099
  -0.60000   0.20736
  -0.50000   0.39042
  -0.40000   0.46954
  -0.30000   0.47853
  -0.20000   0.49550
  -0.10000   0.45731
   0.00000   0.40695
   0.10000   0.47122
   0.20000   0.54250
   0.30000   0.47863
   0.40000   0.32781
   0.50000   0.18743
   0.60000   0.08235
   0.70000   0.03422
   0.80000   0.02751
   0.90000   0.02782
   1.00000   0.03570
   1.10000   0.03645
   1.20000   0.02886
   1.30000   0.02633
   1.40000   0.02170
   1.50000   0.00830
   1.60000   0.00044
   1.70000   0.00000
   1.80000   0.00000
   1.90000   0.00000
   2.00000   0.00000
   2.10000   0.00000
   2.20000   0.00000
   2.30000   0.00000
   2.40000   0.00000
   2.50000   0.00000
   2.60000   0.00000
   2.70000   0.00000
   2.80000   0.00000
   2.90000   0.00000
   3.00000   0.00000
