 butyne sigma-profile (sigma [e/nm^2], p(sigma)*At [nm^2])
  -3.00000   0.00000
  -2.90000   0.00000
  -2.80000   0.00000
  -2.70000   0.00000
  -2.60000   0.00000
  -2.50000   0.00000
  -2.40000   0.00000
  -2.30000   0.00000
  -2.20000   0.00000
  -2.10000   0.00000
  -2.00000   0.00000
  -1.90000   0.00000
  -1.80000   0.00000
  -1.70000   0.00000
  -1.60000   0.00000
  -1.50000   0.00007
  -1.40000   0.00254
  -1.30000   0.00765
  -1.20000   0.01129
  -1.10000   0.00956
  -1.00000   0.00675
  -0.90000   0.00952
  -0.80000   0.01700
  -0.70000   0.02983
  -0.60000   0.05029
  -0.50000   0.07373
  -0.40000   0.08238
  -0.30000   0.08424
  -0.20000   0.09049
  -0.10000   0.07810
   0.00000   0.06563
   0.10000   0.08146
   0.20000   0.08036
   0.30000   0.03957
   0.40000   0.02513
   0.50000   0.04680
   0.60000   0.04251
   0.70000   0.03639
   0.80000   0.05714
   0.90000   0.05241
   1.00000   0.02134
   1.10000   0.00353
   1.20000   0.00000
   1.30000   0.00000
   1.40000   0.00000
   1.50000   0.00000
   1.60000   0.00000
   1.70000   0.00000
   1.80000   0.00000
   1.90000   0.00000
   2.00000   0.00000
   2.10000   0.00000
   2.20000   0.00000
   2.30000   0.00000
   2.40000   0.00000
   2.50000   0.00000
   2.60000   0.00000
   2.70000   0.00000
   2.80000   0.00000
   2.90000   0.00000
   3.00000   0.00000
