 1,2-diaminoethane sigma-profile (sigma [e/nm^2], p(sigma)*At [nm^2])
  -3.00000   0.00000
  -2.90000   0.00000
  -2.80000   0.00000
  -2.70000   0.00000
  -2.60000   0.00000
  -2.50000   0.00000
  -2.40000   0.00000
  -2.30000   0.00000
  -2.20000   0.00000
  -2.10000   0.00000
  -2.00000   0.00000
  -1.90000   0.00000
  -1.80000   0.00000
  -1.70000   0.00000
  -1.60000   0.00000
  -1.50000   0.00000
  -1.40000   0.00000
  -1.30000   0.00268
  -1.20000   0.01803
  -1.10000   0.04015
  -1.00000   0.04740
  -0.90000   0.04107
  -0.80000   0.03455
  -0.70000   0.03350
  -0.60000   0.04551
  -0.50000   0.07850
  -0.40000   0.10763
  -0.30000   0.10110
  -0.20000   0.07600
  -0.10000   0.04995
   0.00000   0.03456
   0.10000   0.04243
   0.20000   0.04560
   0.30000   0.03082
   0.40000   0.01896
   0.50000   0.01666
   0.60000   0.01657
   0.70000   0.01312
   0.80000   0.00958
   0.90000   0.00871
   1.00000   0.01054
   1.10000   0.01330
   1.20000   0.01264
   1.30000   0.01294
   1.40000   0.01322
   1.50000   0.01057
   1.60000   0.00938
   1.70000   0.00984
   1.80000   0.01205
   1.90000   0.01374
   2.00000   0.01233
   2.10000   0.00992
   2.20000   0.01103
   2.30000   0.01216
   2.40000   0.00739
   2.50000   0.00193
   2.60000   0.00013
   2.70000   0.00000
   2.80000   0.00000
   2.90000   0.00000
   3.00000   0.00000
