 1-methoxy2-propanol sigma-profile (sigma [e/nm^2], p(sigma)*At [nm^2])
  -3.00000   0.00000
  -2.90000   0.00000
  -2.80000   0.00000
  -2.70000   0.00000
  -2.60000   0.00000
  -2.50000   0.00000
  -2.40000   0.00000
  -2.30000   0.00000
  -2.20000   0.00000
  -2.10000   0.00000
  -2.00000   0.00000
  -1.90000   0.00000
  -1.80000   0.00000
  -1.70000   0.00012
  -1.60000   0.00201
  -1.50000   0.00436
  -1.40000   0.00530
  -1.30000   0.00658
  -1.20000   0.00586
  -1.10000   0.00407
  -1.00000   0.00434
  -0.90000   0.00405
  -0.80000   0.00467
  -0.70000   0.01975
  -0.60000   0.07215
  -0.50000   0.13782
  -0.40000   0.15809
  -0.30000   0.14145
  -0.20000   0.13239
  -0.10000   0.12897
   0.00000   0.11116
   0.10000   0.08541
   0.20000   0.05840
   0.30000   0.03281
   0.40000   0.02242
   0.50000   0.02383
   0.60000   0.02292
   0.70000   0.01750
   0.80000   0.01310
   0.90000   0.01299
   1.00000   0.01514
   1.10000   0.01957
   1.20000   0.02178
   1.30000   0.01769
   1.40000   0.01479
   1.50000   0.02001
   1.60000   0.02406
   1.70000   0.01719
   1.80000   0.00744
   1.90000   0.00185
   2.00000   0.00000
   2.10000   0.00000
   2.20000   0.00000
   2.30000   0.00000
   2.40000   0.00000
   2.50000   0.00000
   2.60000   0.00000
   2.70000   0.00000
   2.80000   0.00000
   2.90000   0.00000
   3.00000   0.00000
