 3-mercapto-propanoicacid sigma-profile (sigma [e/nm^2], p(sigma)*At [nm^2])
  -3.00000   0.00000
  -2.90000   0.00000
  -2.80000   0.00000
  -2.70000   0.00000
  -2.60000   0.00000
  -2.50000   0.00000
  -2.40000   0.00000
  -2.30000   0.00000
  -2.20000   0.00000
  -2.10000   0.00163
  -2.00000   0.00712
  -1.90000   0.01219
  -1.80000   0.01223
  -1.70000   0.01015
  -1.60000   0.00734
  -1.50000   0.00404
  -1.40000   0.00403
  -1.30000   0.00697
  -1.20000   0.00702
  -1.10000   0.00612
  -1.00000   0.01371
  -0.90000   0.03678
  -0.80000   0.06443
  -0.70000   0.07373
  -0.60000   0.07107
  -0.50000   0.07283
  -0.40000   0.07727
  -0.30000   0.07997
  -0.20000   0.07381
  -0.10000   0.05771
   0.00000   0.04528
   0.10000   0.04515
   0.20000   0.04716
   0.30000   0.04607
   0.40000   0.04646
   0.50000   0.04656
   0.60000   0.04661
   0.70000   0.04411
   0.80000   0.04057
   0.90000   0.04811
   1.00000   0.05552
   1.10000   0.05146
   1.20000   0.04110
   1.30000   0.02650
   1.40000   0.01475
   1.50000   0.00648
   1.60000   0.00108
   1.70000   0.00000
   1.80000   0.00000
   1.90000   0.00000
   2.00000   0.00000
   2.10000   0.00000
   2.20000   0.00000
   2.30000   0.00000
   2.40000   0.00000
   2.50000   0.00000
   2.60000   0.00000
   2.70000   0.00000
   2.80000   0.00000
   2.90000   0.00000
   3.00000   0.00000
