 chloroacetaldehyde sigma-profile (sigma [e/nm^2], p(sigma)*At [nm^2])
  -3.00000   0.00000
  -2.90000   0.00000
  -2.80000   0.00000
  -2.70000   0.00000
  -2.60000   0.00000
  -2.50000   0.00000
  -2.40000   0.00000
  -2.30000   0.00000
  -2.20000   0.00000
  -2.10000   0.00000
  -2.00000   0.00000
  -1.90000   0.00000
  -1.80000   0.00000
  -1.70000   0.00000
  -1.60000   0.00000
  -1.50000   0.00000
  -1.40000   0.00000
  -1.30000   0.00025
  -1.20000   0.01440
  -1.10000   0.04020
  -1.00000   0.06196
  -0.90000   0.07489
  -0.80000   0.06405
  -0.70000   0.04553
  -0.60000   0.04054
  -0.50000   0.03599
  -0.40000   0.02960
  -0.30000   0.02682
  -0.20000   0.02723
  -0.10000   0.02968
   0.00000   0.02846
   0.10000   0.02828
   0.20000   0.03910
   0.30000   0.04323
   0.40000   0.03874
   0.50000   0.05398
   0.60000   0.07046
   0.70000   0.05474
   0.80000   0.03105
   0.90000   0.02757
   1.00000   0.03093
   1.10000   0.02873
   1.20000   0.02452
   1.30000   0.01971
   1.40000   0.01367
   1.50000   0.00645
   1.60000   0.00135
   1.70000   0.00000
   1.80000   0.00000
   1.90000   0.00000
   2.00000   0.00000
   2.10000   0.00000
   2.20000   0.00000
   2.30000   0.00000
   2.40000   0.00000
   2.50000   0.00000
   2.60000   0.00000
   2.70000   0.00000
   2.80000   0.00000
   2.90000   0.00000
   3.00000   0.00000
