 trans-crotonic-acid sigma-profile (sigma [e/nm^2], p(sigma)*At [nm^2])
  -3.00000   0.00000
  -2.90000   0.00000
  -2.80000   0.00000
  -2.70000   0.00000
  -2.60000   0.00000
  -2.50000   0.00000
  -2.40000   0.00000
  -2.30000   0.00000
  -2.20000   0.00000
  -2.10000   0.00057
  -2.00000   0.00476
  -1.90000   0.01066
  -1.80000   0.01188
  -1.70000   0.01037
  -1.60000   0.00875
  -1.50000   0.00572
  -1.40000   0.00352
  -1.30000   0.00485
  -1.20000   0.00642
  -1.10000   0.00490
  -1.00000   0.00464
  -0.90000   0.01146
  -0.80000   0.02913
  -0.70000   0.05428
  -0.60000   0.07122
  -0.50000   0.07390
  -0.40000   0.07503
  -0.30000   0.08075
  -0.20000   0.08929
  -0.10000   0.10142
   0.00000   0.10136
   0.10000   0.07929
   0.20000   0.05908
   0.30000   0.05032
   0.40000   0.03950
   0.50000   0.02373
   0.60000   0.01346
   0.70000   0.01889
   0.80000   0.02731
   0.90000   0.02521
   1.00000   0.02463
   1.10000   0.03036
   1.20000   0.03568
   1.30000   0.03632
   1.40000   0.02892
   1.50000   0.01715
   1.60000   0.00663
   1.70000   0.00109
   1.80000   0.00000
   1.90000   0.00000
   2.00000   0.00000
   2.10000   0.00000
   2.20000   0.00000
   2.30000   0.00000
   2.40000   0.00000
   2.50000   0.00000
   2.60000   0.00000
   2.70000   0.00000
   2.80000   0.00000
   2.90000   0.00000
   3.00000   0.00000
