 3-chloropropene sigma-profile (sigma [e/nm^2], p(sigma)*At [nm^2])
  -3.00000   0.00000
  -2.90000   0.00000
  -2.80000   0.00000
  -2.70000   0.00000
  -2.60000   0.00000
  -2.50000   0.00000
  -2.40000   0.00000
  -2.30000   0.00000
  -2.20000   0.00000
  -2.10000   0.00000
  -2.00000   0.00000
  -1.90000   0.00000
  -1.80000   0.00000
  -1.70000   0.00000
  -1.60000   0.00000
  -1.50000   0.00000
  -1.40000   0.00000
  -1.30000   0.00000
  -1.20000   0.00000
  -1.10000   0.00001
  -1.00000   0.00708
  -0.90000   0.02931
  -0.80000   0.05724
  -0.70000   0.07215
  -0.60000   0.06820
  -0.50000   0.06194
  -0.40000   0.06142
  -0.30000   0.06007
  -0.20000   0.06277
  -0.10000   0.06327
   0.00000   0.06064
   0.10000   0.06061
   0.20000   0.05500
   0.30000   0.05706
   0.40000   0.06529
   0.50000   0.06317
   0.60000   0.07487
   0.70000   0.08977
   0.80000   0.06106
   0.90000   0.01624
   1.00000   0.00003
   1.10000   0.00000
   1.20000   0.00000
   1.30000   0.00000
   1.40000   0.00000
   1.50000   0.00000
   1.60000   0.00000
   1.70000   0.00000
   1.80000   0.00000
   1.90000   0.00000
   2.00000   0.00000
   2.10000   0.00000
   2.20000   0.00000
   2.30000   0.00000
   2.40000   0.00000
   2.50000   0.00000
   2.60000   0.00000
   2.70000   0.00000
   2.80000   0.00000
   2.90000   0.00000
   3.00000   0.00000
