 methylvinylether sigma-profile (sigma [e/nm^2], p(sigma)*At [nm^2])
  -3.00000   0.00000
  -2.90000   0.00000
  -2.80000   0.00000
  -2.70000   0.00000
  -2.60000   0.00000
  -2.50000   0.00000
  -2.40000   0.00000
  -2.30000   0.00000
  -2.20000   0.00000
  -2.10000   0.00000
  -2.00000   0.00000
  -1.90000   0.00000
  -1.80000   0.00000
  -1.70000   0.00000
  -1.60000   0.00000
  -1.50000   0.00000
  -1.40000   0.00000
  -1.30000   0.00000
  -1.20000   0.00000
  -1.10000   0.00000
  -1.00000   0.00067
  -0.90000   0.00720
  -0.80000   0.02782
  -0.70000   0.05945
  -0.60000   0.08062
  -0.50000   0.07803
  -0.40000   0.07288
  -0.30000   0.08298
  -0.20000   0.08451
  -0.10000   0.06727
   0.00000   0.05299
   0.10000   0.04869
   0.20000   0.04908
   0.30000   0.04682
   0.40000   0.04114
   0.50000   0.03584
   0.60000   0.03358
   0.70000   0.03626
   0.80000   0.03520
   0.90000   0.02788
   1.00000   0.02135
   1.10000   0.01756
   1.20000   0.01512
   1.30000   0.00931
   1.40000   0.00234
   1.50000   0.00000
   1.60000   0.00000
   1.70000   0.00000
   1.80000   0.00000
   1.90000   0.00000
   2.00000   0.00000
   2.10000   0.00000
   2.20000   0.00000
   2.30000   0.00000
   2.40000   0.00000
   2.50000   0.00000
   2.60000   0.00000
   2.70000   0.00000
   2.80000   0.00000
   2.90000   0.00000
   3.00000   0.00000
