 n-propylamine sigma-profile (sigma [e/nm^2], p(sigma)*At [nm^2])
  -3.00000   0.00000
  -2.90000   0.00000
  -2.80000   0.00000
  -2.70000   0.00000
  -2.60000   0.00000
  -2.50000   0.00000
  -2.40000   0.00000
  -2.30000   0.00000
  -2.20000   0.00000
  -2.10000   0.00000
  -2.00000   0.00000
  -1.90000   0.00000
  -1.80000   0.00000
  -1.70000   0.00000
  -1.60000   0.00000
  -1.50000   0.00000
  -1.40000   0.00000
  -1.30000   0.00061
  -1.20000   0.00710
  -1.10000   0.01792
  -1.00000   0.02215
  -0.90000   0.01905
  -0.80000   0.01738
  -0.70000   0.01855
  -0.60000   0.02040
  -0.50000   0.04685
  -0.40000   0.09975
  -0.30000   0.12475
  -0.20000   0.11545
  -0.10000   0.10371
   0.00000   0.09188
   0.10000   0.09432
   0.20000   0.10337
   0.30000   0.07828
   0.40000   0.03206
   0.50000   0.01046
   0.60000   0.01042
   0.70000   0.00709
   0.80000   0.00256
   0.90000   0.00431
   1.00000   0.00669
   1.10000   0.00650
   1.20000   0.00654
   1.30000   0.00631
   1.40000   0.00638
   1.50000   0.00554
   1.60000   0.00450
   1.70000   0.00480
   1.80000   0.00518
   1.90000   0.00638
   2.00000   0.00679
   2.10000   0.00586
   2.20000   0.00553
   2.30000   0.00563
   2.40000   0.00473
   2.50000   0.00227
   2.60000   0.00037
   2.70000   0.00000
   2.80000   0.00000
   2.90000   0.00000
   3.00000   0.00000
