 chloromethoxymethane sigma-profile (sigma [e/nm^2], p(sigma)*At [nm^2])
  -3.00000   0.00000
  -2.90000   0.00000
  -2.80000   0.00000
  -2.70000   0.00000
  -2.60000   0.00000
  -2.50000   0.00000
  -2.40000   0.00000
  -2.30000   0.00000
  -2.20000   0.00000
  -2.10000   0.00000
  -2.00000   0.00000
  -1.90000   0.00000
  -1.80000   0.00000
  -1.70000   0.00000
  -1.60000   0.00000
  -1.50000   0.00000
  -1.40000   0.00000
  -1.30000   0.00000
  -1.20000   0.00002
  -1.10000   0.00711
  -1.00000   0.02505
  -0.90000   0.04201
  -0.80000   0.05494
  -0.70000   0.06633
  -0.60000   0.06989
  -0.50000   0.06601
  -0.40000   0.06613
  -0.30000   0.07134
  -0.20000   0.06467
  -0.10000   0.04675
   0.00000   0.03588
   0.10000   0.03373
   0.20000   0.03123
   0.30000   0.03114
   0.40000   0.04180
   0.50000   0.05049
   0.60000   0.05433
   0.70000   0.07402
   0.80000   0.07967
   0.90000   0.04729
   1.00000   0.02002
   1.10000   0.01366
   1.20000   0.00903
   1.30000   0.00291
   1.40000   0.00013
   1.50000   0.00000
   1.60000   0.00000
   1.70000   0.00000
   1.80000   0.00000
   1.90000   0.00000
   2.00000   0.00000
   2.10000   0.00000
   2.20000   0.00000
   2.30000   0.00000
   2.40000   0.00000
   2.50000   0.00000
   2.60000   0.00000
   2.70000   0.00000
   2.80000   0.00000
   2.90000   0.00000
   3.00000   0.00000
