 acetaldehydeoxime sigma-profile (sigma [e/nm^2], p(sigma)*At [nm^2])
  -3.00000   0.00000
  -2.90000   0.00000
  -2.80000   0.00000
  -2.70000   0.00000
  -2.60000   0.00000
  -2.50000   0.00000
  -2.40000   0.00000
  -2.30000   0.00000
  -2.20000   0.00000
  -2.10000   0.00000
  -2.00000   0.00024
  -1.90000   0.00375
  -1.80000   0.01020
  -1.70000   0.01272
  -1.60000   0.01009
  -1.50000   0.00650
  -1.40000   0.00619
  -1.30000   0.00820
  -1.20000   0.00709
  -1.10000   0.00452
  -1.00000   0.00495
  -0.90000   0.01195
  -0.80000   0.02547
  -0.70000   0.04181
  -0.60000   0.05568
  -0.50000   0.06157
  -0.40000   0.06406
  -0.30000   0.06331
  -0.20000   0.06326
  -0.10000   0.07288
   0.00000   0.07257
   0.10000   0.05085
   0.20000   0.03079
   0.30000   0.02426
   0.40000   0.02104
   0.50000   0.01862
   0.60000   0.02284
   0.70000   0.02978
   0.80000   0.03162
   0.90000   0.02615
   1.00000   0.01841
   1.10000   0.01894
   1.20000   0.02897
   1.30000   0.03191
   1.40000   0.01918
   1.50000   0.00706
   1.60000   0.00600
   1.70000   0.00686
   1.80000   0.00331
   1.90000   0.00032
   2.00000   0.00000
   2.10000   0.00000
   2.20000   0.00000
   2.30000   0.00000
   2.40000   0.00000
   2.50000   0.00000
   2.60000   0.00000
   2.70000   0.00000
   2.80000   0.00000
   2.90000   0.00000
   3.00000   0.00000
