 2-propenenitrile sigma-profile (sigma [e/nm^2], p(sigma)*At [nm^2])
  -3.00000   0.00000
  -2.90000   0.00000
  -2.80000   0.00000
  -2.70000   0.00000
  -2.60000   0.00000
  -2.50000   0.00000
  -2.40000   0.00000
  -2.30000   0.00000
  -2.20000   0.00000
  -2.10000   0.00000
  -2.00000   0.00000
  -1.90000   0.00000
  -1.80000   0.00000
  -1.70000   0.00000
  -1.60000   0.00000
  -1.50000   0.00000
  -1.40000   0.00000
  -1.30000   0.00000
  -1.20000   0.00331
  -1.10000   0.01658
  -1.00000   0.03667
  -0.90000   0.04749
  -0.80000   0.04612
  -0.70000   0.04018
  -0.60000   0.03698
  -0.50000   0.04434
  -0.40000   0.05326
  -0.30000   0.06078
  -0.20000   0.07107
  -0.10000   0.07118
   0.00000   0.05944
   0.10000   0.05005
   0.20000   0.04264
   0.30000   0.03342
   0.40000   0.02267
   0.50000   0.01404
   0.60000   0.02010
   0.70000   0.03104
   0.80000   0.03248
   0.90000   0.03385
   1.00000   0.03405
   1.10000   0.02731
   1.20000   0.02245
   1.30000   0.02033
   1.40000   0.01313
   1.50000   0.00394
   1.60000   0.00015
   1.70000   0.00000
   1.80000   0.00000
   1.90000   0.00000
   2.00000   0.00000
   2.10000   0.00000
   2.20000   0.00000
   2.30000   0.00000
   2.40000   0.00000
   2.50000   0.00000
   2.60000   0.00000
   2.70000   0.00000
   2.80000   0.00000
   2.90000   0.00000
   3.00000   0.00000
