 octamethyltrisiloxane sigma-profile (sigma [e/nm^2], p(sigma)*At [nm^2])
  -3.00000   0.00000
  -2.90000   0.00000
  -2.80000   0.00000
  -2.70000   0.00000
  -2.60000   0.00000
  -2.50000   0.00000
  -2.40000   0.00000
  -2.30000   0.00000
  -2.20000   0.00000
  -2.10000   0.00000
  -2.00000   0.00000
  -1.90000   0.00000
  -1.80000   0.00000
  -1.70000   0.00000
  -1.60000   0.00000
  -1.50000   0.00000
  -1.40000   0.00000
  -1.30000   0.00000
  -1.20000   0.00000
  -1.10000   0.00000
  -1.00000   0.00000
  -0.90000   0.00000
  -0.80000   0.00024
  -0.70000   0.02305
  -0.60000   0.11421
  -0.50000   0.23609
  -0.40000   0.29301
  -0.30000   0.28542
  -0.20000   0.27764
  -0.10000   0.25351
   0.00000   0.21950
   0.10000   0.26092
   0.20000   0.31947
   0.30000   0.28319
   0.40000   0.19066
   0.50000   0.11129
   0.60000   0.04689
   0.70000   0.01430
   0.80000   0.01129
   0.90000   0.01220
   1.00000   0.01541
   1.10000   0.01685
   1.20000   0.01550
   1.30000   0.01450
   1.40000   0.01651
   1.50000   0.01337
   1.60000   0.00438
   1.70000   0.00003
   1.80000   0.00000
   1.90000   0.00000
   2.00000   0.00000
   2.10000   0.00000
   2.20000   0.00000
   2.30000   0.00000
   2.40000   0.00000
   2.50000   0.00000
   2.60000   0.00000
   2.70000   0.00000
   2.80000   0.00000
   2.90000   0.00000
   3.00000   0.00000
