 1-iodopropane sigma-profile (sigma [e/nm^2], p(sigma)*At [nm^2])
  -3.00000   0.00000
  -2.90000   0.00000
  -2.80000   0.00000
  -2.70000   0.00000
  -2.60000   0.00000
  -2.50000   0.00000
  -2.40000   0.00000
  -2.30000   0.00000
  -2.20000   0.00000
  -2.10000   0.00000
  -2.00000   0.00000
  -1.90000   0.00000
  -1.80000   0.00000
  -1.70000   0.00000
  -1.60000   0.00000
  -1.50000   0.00000
  -1.40000   0.00000
  -1.30000   0.00000
  -1.20000   0.00000
  -1.10000   0.00000
  -1.00000   0.00024
  -0.90000   0.00770
  -0.80000   0.02277
  -0.70000   0.03085
  -0.60000   0.04993
  -0.50000   0.09142
  -0.40000   0.11445
  -0.30000   0.11587
  -0.20000   0.11687
  -0.10000   0.10578
   0.00000   0.09760
   0.10000   0.10678
   0.20000   0.08987
   0.30000   0.05056
   0.40000   0.05404
   0.50000   0.07518
   0.60000   0.08454
   0.70000   0.08008
   0.80000   0.03406
   0.90000   0.00010
   1.00000   0.00000
   1.10000   0.00000
   1.20000   0.00000
   1.30000   0.00000
   1.40000   0.00000
   1.50000   0.00000
   1.60000   0.00000
   1.70000   0.00000
   1.80000   0.00000
   1.90000   0.00000
   2.00000   0.00000
   2.10000   0.00000
   2.20000   0.00000
   2.30000   0.00000
   2.40000   0.00000
   2.50000   0.00000
   2.60000   0.00000
   2.70000   0.00000
   2.80000   0.00000
   2.90000   0.00000
   3.00000   0.00000
