 propynol sigma-profile (sigma [e/nm^2], p(sigma)*At [nm^2])
  -3.00000   0.00000
  -2.90000   0.00000
  -2.80000   0.00000
  -2.70000   0.00000
  -2.60000   0.00000
  -2.50000   0.00000
  -2.40000   0.00000
  -2.30000   0.00000
  -2.20000   0.00000
  -2.10000   0.00000
  -2.00000   0.00013
  -1.90000   0.00243
  -1.80000   0.00762
  -1.70000   0.01200
  -1.60000   0.01129
  -1.50000   0.00846
  -1.40000   0.01157
  -1.30000   0.01882
  -1.20000   0.01892
  -1.10000   0.01427
  -1.00000   0.01713
  -0.90000   0.02958
  -0.80000   0.04351
  -0.70000   0.04648
  -0.60000   0.04151
  -0.50000   0.04187
  -0.40000   0.04480
  -0.30000   0.03940
  -0.20000   0.02830
  -0.10000   0.02708
   0.00000   0.03931
   0.10000   0.04235
   0.20000   0.03138
   0.30000   0.03517
   0.40000   0.04765
   0.50000   0.04634
   0.60000   0.05027
   0.70000   0.06404
   0.80000   0.05511
   0.90000   0.02704
   1.00000   0.01521
   1.10000   0.01487
   1.20000   0.01170
   1.30000   0.01341
   1.40000   0.01883
   1.50000   0.01828
   1.60000   0.00995
   1.70000   0.00245
   1.80000   0.00014
   1.90000   0.00000
   2.00000   0.00000
   2.10000   0.00000
   2.20000   0.00000
   2.30000   0.00000
   2.40000   0.00000
   2.50000   0.00000
   2.60000   0.00000
   2.70000   0.00000
   2.80000   0.00000
   2.90000   0.00000
   3.00000   0.00000
