 2,2,4,4-tetramethylpentane sigma-profile (sigma [e/nm^2], p(sigma)*At [nm^2])
  -3.00000   0.00000
  -2.90000   0.00000
  -2.80000   0.00000
  -2.70000   0.00000
  -2.60000   0.00000
  -2.50000   0.00000
  -2.40000   0.00000
  -2.30000   0.00000
  -2.20000   0.00000
  -2.10000   0.00000
  -2.00000   0.00000
  -1.90000   0.00000
  -1.80000   0.00000
  -1.70000   0.00000
  -1.60000   0.00000
  -1.50000   0.00000
  -1.40000   0.00000
  -1.30000   0.00000
  -1.20000   0.00000
  -1.10000   0.00000
  -1.00000   0.00000
  -0.90000   0.00000
  -0.80000   0.00000
  -0.70000   0.00000
  -0.60000   0.00259
  -0.50000   0.04631
  -0.40000   0.14485
  -0.30000   0.21985
  -0.20000   0.23625
  -0.10000   0.22925
   0.00000   0.19296
   0.10000   0.17056
   0.20000   0.23267
   0.30000   0.25929
   0.40000   0.14986
   0.50000   0.03438
   0.60000   0.00045
   0.70000   0.00000
   0.80000   0.00000
   0.90000   0.00000
   1.00000   0.00000
   1.10000   0.00000
   1.20000   0.00000
   1.30000   0.00000
   1.40000   0.00000
   1.50000   0.00000
   1.60000   0.00000
   1.70000   0.00000
   1.80000   0.00000
   1.90000   0.00000
   2.00000   0.00000
   2.10000   0.00000
   2.20000   0.00000
   2.30000   0.00000
   2.40000   0.00000
   2.50000   0.00000
   2.60000   0.00000
   2.70000   0.00000
   2.80000   0.00000
   2.90000   0.00000
   3.00000   0.00000
