 cyclohexanone sigma-profile (sigma [e/nm^2], p(sigma)*At [nm^2])
  -3.00000   0.00000
  -2.90000   0.00000
  -2.80000   0.00000
  -2.70000   0.00000
  -2.60000   0.00000
  -2.50000   0.00000
  -2.40000   0.00000
  -2.30000   0.00000
  -2.20000   0.00000
  -2.10000   0.00000
  -2.00000   0.00000
  -1.90000   0.00000
  -1.80000   0.00000
  -1.70000   0.00000
  -1.60000   0.00000
  -1.50000   0.00000
  -1.40000   0.00000
  -1.30000   0.00000
  -1.20000   0.00000
  -1.10000   0.00000
  -1.00000   0.00000
  -0.90000   0.00016
  -0.80000   0.00896
  -0.70000   0.03288
  -0.60000   0.07133
  -0.50000   0.12566
  -0.40000   0.16084
  -0.30000   0.15885
  -0.20000   0.15342
  -0.10000   0.15229
   0.00000   0.13884
   0.10000   0.10012
   0.20000   0.05285
   0.30000   0.02394
   0.40000   0.01270
   0.50000   0.00829
   0.60000   0.00732
   0.70000   0.00775
   0.80000   0.00769
   0.90000   0.01134
   1.00000   0.01674
   1.10000   0.01965
   1.20000   0.02420
   1.30000   0.02775
   1.40000   0.02551
   1.50000   0.02160
   1.60000   0.01656
   1.70000   0.01126
   1.80000   0.00601
   1.90000   0.00140
   2.00000   0.00000
   2.10000   0.00000
   2.20000   0.00000
   2.30000   0.00000
   2.40000   0.00000
   2.50000   0.00000
   2.60000   0.00000
   2.70000   0.00000
   2.80000   0.00000
   2.90000   0.00000
   3.00000   0.00000
