 2,4,6-collidine sigma-profile (sigma [e/nm^2], p(sigma)*At [nm^2])
  -3.00000   0.00000
  -2.90000   0.00000
  -2.80000   0.00000
  -2.70000   0.00000
  -2.60000   0.00000
  -2.50000   0.00000
  -2.40000   0.00000
  -2.30000   0.00000
  -2.20000   0.00000
  -2.10000   0.00000
  -2.00000   0.00000
  -1.90000   0.00000
  -1.80000   0.00000
  -1.70000   0.00000
  -1.60000   0.00000
  -1.50000   0.00000
  -1.40000   0.00000
  -1.30000   0.00000
  -1.20000   0.00000
  -1.10000   0.00000
  -1.00000   0.00000
  -0.90000   0.00186
  -0.80000   0.01156
  -0.70000   0.05162
  -0.60000   0.11584
  -0.50000   0.14535
  -0.40000   0.13498
  -0.30000   0.12211
  -0.20000   0.11566
  -0.10000   0.14106
   0.00000   0.19745
   0.10000   0.20277
   0.20000   0.14259
   0.30000   0.10305
   0.40000   0.08979
   0.50000   0.05609
   0.60000   0.01995
   0.70000   0.00849
   0.80000   0.00998
   0.90000   0.01165
   1.00000   0.01044
   1.10000   0.00688
   1.20000   0.00630
   1.30000   0.00767
   1.40000   0.00745
   1.50000   0.00667
   1.60000   0.00658
   1.70000   0.00549
   1.80000   0.00372
   1.90000   0.00452
   2.00000   0.00697
   2.10000   0.00656
   2.20000   0.00416
   2.30000   0.00263
   2.40000   0.00113
   2.50000   0.00010
   2.60000   0.00000
   2.70000   0.00000
   2.80000   0.00000
   2.90000   0.00000
   3.00000   0.00000
