 resorcinol sigma-profile (sigma [e/nm^2], p(sigma)*At [nm^2])
  -3.00000   0.00000
  -2.90000   0.00000
  -2.80000   0.00000
  -2.70000   0.00000
  -2.60000   0.00000
  -2.50000   0.00000
  -2.40000   0.00000
  -2.30000   0.00000
  -2.20000   0.00000
  -2.10000   0.00185
  -2.00000   0.00893
  -1.90000   0.01943
  -1.80000   0.02199
  -1.70000   0.01884
  -1.60000   0.01993
  -1.50000   0.01631
  -1.40000   0.00898
  -1.30000   0.00805
  -1.20000   0.01218
  -1.10000   0.01573
  -1.00000   0.01495
  -0.90000   0.02235
  -0.80000   0.04478
  -0.70000   0.05892
  -0.60000   0.05120
  -0.50000   0.04409
  -0.40000   0.04582
  -0.30000   0.04511
  -0.20000   0.04627
  -0.10000   0.04772
   0.00000   0.04918
   0.10000   0.05418
   0.20000   0.07115
   0.30000   0.09587
   0.40000   0.10814
   0.50000   0.11234
   0.60000   0.10020
   0.70000   0.06479
   0.80000   0.03240
   0.90000   0.01961
   1.00000   0.02316
   1.10000   0.03361
   1.20000   0.03827
   1.30000   0.02784
   1.40000   0.00927
   1.50000   0.00016
   1.60000   0.00000
   1.70000   0.00000
   1.80000   0.00000
   1.90000   0.00000
   2.00000   0.00000
   2.10000   0.00000
   2.20000   0.00000
   2.30000   0.00000
   2.40000   0.00000
   2.50000   0.00000
   2.60000   0.00000
   2.70000   0.00000
   2.80000   0.00000
   2.90000   0.00000
   3.00000   0.00000
