 3-chlorobenzeneamine sigma-profile (sigma [e/nm^2], p(sigma)*At [nm^2])
  -3.00000   0.00000
  -2.90000   0.00000
  -2.80000   0.00000
  -2.70000   0.00000
  -2.60000   0.00000
  -2.50000   0.00000
  -2.40000   0.00000
  -2.30000   0.00000
  -2.20000   0.00000
  -2.10000   0.00000
  -2.00000   0.00000
  -1.90000   0.00000
  -1.80000   0.00000
  -1.70000   0.00019
  -1.60000   0.00524
  -1.50000   0.01634
  -1.40000   0.02377
  -1.30000   0.02363
  -1.20000   0.02009
  -1.10000   0.01815
  -1.00000   0.02284
  -0.90000   0.03545
  -0.80000   0.05269
  -0.70000   0.06106
  -0.60000   0.05434
  -0.50000   0.04924
  -0.40000   0.05132
  -0.30000   0.05298
  -0.20000   0.05760
  -0.10000   0.06313
   0.00000   0.06137
   0.10000   0.06944
   0.20000   0.10624
   0.30000   0.14224
   0.40000   0.16455
   0.50000   0.17559
   0.60000   0.12862
   0.70000   0.04689
   0.80000   0.00844
   0.90000   0.00566
   1.00000   0.00603
   1.10000   0.00551
   1.20000   0.00565
   1.30000   0.00670
   1.40000   0.00598
   1.50000   0.00441
   1.60000   0.00202
   1.70000   0.00017
   1.80000   0.00000
   1.90000   0.00000
   2.00000   0.00000
   2.10000   0.00000
   2.20000   0.00000
   2.30000   0.00000
   2.40000   0.00000
   2.50000   0.00000
   2.60000   0.00000
   2.70000   0.00000
   2.80000   0.00000
   2.90000   0.00000
   3.00000   0.00000
