 dihydro-2,5-furandione sigma-profile (sigma [e/nm^2], p(sigma)*At [nm^2])
  -3.00000   0.00000
  -2.90000   0.00000
  -2.80000   0.00000
  -2.70000   0.00000
  -2.60000   0.00000
  -2.50000   0.00000
  -2.40000   0.00000
  -2.30000   0.00000
  -2.20000   0.00000
  -2.10000   0.00000
  -2.00000   0.00000
  -1.90000   0.00000
  -1.80000   0.00000
  -1.70000   0.00000
  -1.60000   0.00000
  -1.50000   0.00000
  -1.40000   0.00006
  -1.30000   0.00185
  -1.20000   0.00659
  -1.10000   0.02913
  -1.00000   0.07970
  -0.90000   0.11075
  -0.80000   0.09498
  -0.70000   0.06638
  -0.60000   0.05021
  -0.50000   0.05602
  -0.40000   0.06365
  -0.30000   0.04776
  -0.20000   0.02502
  -0.10000   0.02162
   0.00000   0.02735
   0.10000   0.02382
   0.20000   0.01841
   0.30000   0.01966
   0.40000   0.02472
   0.50000   0.02973
   0.60000   0.03885
   0.70000   0.04767
   0.80000   0.05092
   0.90000   0.06248
   1.00000   0.07458
   1.10000   0.06748
   1.20000   0.04950
   1.30000   0.02864
   1.40000   0.00905
   1.50000   0.00059
   1.60000   0.00000
   1.70000   0.00000
   1.80000   0.00000
   1.90000   0.00000
   2.00000   0.00000
   2.10000   0.00000
   2.20000   0.00000
   2.30000   0.00000
   2.40000   0.00000
   2.50000   0.00000
   2.60000   0.00000
   2.70000   0.00000
   2.80000   0.00000
   2.90000   0.00000
   3.00000   0.00000
