 dimethylmalonate sigma-profile (sigma [e/nm^2], p(sigma)*At [nm^2])
  -3.00000   0.00000
  -2.90000   0.00000
  -2.80000   0.00000
  -2.70000   0.00000
  -2.60000   0.00000
  -2.50000   0.00000
  -2.40000   0.00000
  -2.30000   0.00000
  -2.20000   0.00000
  -2.10000   0.00000
  -2.00000   0.00000
  -1.90000   0.00000
  -1.80000   0.00000
  -1.70000   0.00000
  -1.60000   0.00000
  -1.50000   0.00000
  -1.40000   0.00000
  -1.30000   0.00000
  -1.20000   0.00005
  -1.10000   0.00830
  -1.00000   0.02574
  -0.90000   0.04902
  -0.80000   0.08977
  -0.70000   0.12657
  -0.60000   0.13318
  -0.50000   0.12697
  -0.40000   0.13368
  -0.30000   0.14116
  -0.20000   0.11677
  -0.10000   0.07689
   0.00000   0.05160
   0.10000   0.03978
   0.20000   0.03176
   0.30000   0.02887
   0.40000   0.03021
   0.50000   0.03173
   0.60000   0.03951
   0.70000   0.04632
   0.80000   0.04371
   0.90000   0.04413
   1.00000   0.05170
   1.10000   0.06536
   1.20000   0.07123
   1.30000   0.05178
   1.40000   0.02630
   1.50000   0.01027
   1.60000   0.00202
   1.70000   0.00006
   1.80000   0.00000
   1.90000   0.00000
   2.00000   0.00000
   2.10000   0.00000
   2.20000   0.00000
   2.30000   0.00000
   2.40000   0.00000
   2.50000   0.00000
   2.60000   0.00000
   2.70000   0.00000
   2.80000   0.00000
   2.90000   0.00000
   3.00000   0.00000
