 1,3-diethenylbenzene sigma-profile (sigma [e/nm^2], p(sigma)*At [nm^2])
  -3.00000   0.00000
  -2.90000   0.00000
  -2.80000   0.00000
  -2.70000   0.00000
  -2.60000   0.00000
  -2.50000   0.00000
  -2.40000   0.00000
  -2.30000   0.00000
  -2.20000   0.00000
  -2.10000   0.00000
  -2.00000   0.00000
  -1.90000   0.00000
  -1.80000   0.00000
  -1.70000   0.00000
  -1.60000   0.00000
  -1.50000   0.00000
  -1.40000   0.00000
  -1.30000   0.00000
  -1.20000   0.00000
  -1.10000   0.00000
  -1.00000   0.00324
  -0.90000   0.01904
  -0.80000   0.06206
  -0.70000   0.11177
  -0.60000   0.11868
  -0.50000   0.10353
  -0.40000   0.09964
  -0.30000   0.09046
  -0.20000   0.08964
  -0.10000   0.10631
   0.00000   0.11387
   0.10000   0.11556
   0.20000   0.13484
   0.30000   0.17293
   0.40000   0.19991
   0.50000   0.16312
   0.60000   0.08922
   0.70000   0.04846
   0.80000   0.02670
   0.90000   0.00666
   1.00000   0.00005
   1.10000   0.00000
   1.20000   0.00000
   1.30000   0.00000
   1.40000   0.00000
   1.50000   0.00000
   1.60000   0.00000
   1.70000   0.00000
   1.80000   0.00000
   1.90000   0.00000
   2.00000   0.00000
   2.10000   0.00000
   2.20000   0.00000
   2.30000   0.00000
   2.40000   0.00000
   2.50000   0.00000
   2.60000   0.00000
   2.70000   0.00000
   2.80000   0.00000
   2.90000   0.00000
   3.00000   0.00000
