 2,6-dimethyl-4-heptanone sigma-profile (sigma [e/nm^2], p(sigma)*At [nm^2])
  -3.00000   0.00000
  -2.90000   0.00000
  -2.80000   0.00000
  -2.70000   0.00000
  -2.60000   0.00000
  -2.50000   0.00000
  -2.40000   0.00000
  -2.30000   0.00000
  -2.20000   0.00000
  -2.10000   0.00000
  -2.00000   0.00000
  -1.90000   0.00000
  -1.80000   0.00000
  -1.70000   0.00000
  -1.60000   0.00000
  -1.50000   0.00000
  -1.40000   0.00000
  -1.30000   0.00000
  -1.20000   0.00000
  -1.10000   0.00000
  -1.00000   0.00000
  -0.90000   0.00034
  -0.80000   0.01079
  -0.70000   0.03696
  -0.60000   0.06415
  -0.50000   0.11433
  -0.40000   0.20089
  -0.30000   0.24008
  -0.20000   0.22657
  -0.10000   0.21330
   0.00000   0.18964
   0.10000   0.19195
   0.20000   0.21748
   0.30000   0.17318
   0.40000   0.06882
   0.50000   0.01348
   0.60000   0.01065
   0.70000   0.01052
   0.80000   0.00908
   0.90000   0.00800
   1.00000   0.00940
   1.10000   0.01423
   1.20000   0.02391
   1.30000   0.02887
   1.40000   0.02197
   1.50000   0.01488
   1.60000   0.01095
   1.70000   0.00514
   1.80000   0.00097
   1.90000   0.00000
   2.00000   0.00000
   2.10000   0.00000
   2.20000   0.00000
   2.30000   0.00000
   2.40000   0.00000
   2.50000   0.00000
   2.60000   0.00000
   2.70000   0.00000
   2.80000   0.00000
   2.90000   0.00000
   3.00000   0.00000
