 diisopropylether sigma-profile (sigma [e/nm^2], p(sigma)*At [nm^2])
  -3.00000   0.00000
  -2.90000   0.00000
  -2.80000   0.00000
  -2.70000   0.00000
  -2.60000   0.00000
  -2.50000   0.00000
  -2.40000   0.00000
  -2.30000   0.00000
  -2.20000   0.00000
  -2.10000   0.00000
  -2.00000   0.00000
  -1.90000   0.00000
  -1.80000   0.00000
  -1.70000   0.00000
  -1.60000   0.00000
  -1.50000   0.00000
  -1.40000   0.00000
  -1.30000   0.00000
  -1.20000   0.00000
  -1.10000   0.00000
  -1.00000   0.00000
  -0.90000   0.00000
  -0.80000   0.00000
  -0.70000   0.00306
  -0.60000   0.04218
  -0.50000   0.12234
  -0.40000   0.17387
  -0.30000   0.17737
  -0.20000   0.17130
  -0.10000   0.15518
   0.00000   0.14870
   0.10000   0.18243
   0.20000   0.18773
   0.30000   0.11605
   0.40000   0.04189
   0.50000   0.01684
   0.60000   0.01416
   0.70000   0.01173
   0.80000   0.00802
   0.90000   0.00585
   1.00000   0.00651
   1.10000   0.00696
   1.20000   0.00705
   1.30000   0.00706
   1.40000   0.00695
   1.50000   0.00802
   1.60000   0.00908
   1.70000   0.01013
   1.80000   0.01045
   1.90000   0.00579
   2.00000   0.00094
   2.10000   0.00000
   2.20000   0.00000
   2.30000   0.00000
   2.40000   0.00000
   2.50000   0.00000
   2.60000   0.00000
   2.70000   0.00000
   2.80000   0.00000
   2.90000   0.00000
   3.00000   0.00000
