 4-methylpyridine sigma-profile (sigma [e/nm^2], p(sigma)*At [nm^2])
  -3.00000   0.00000
  -2.90000   0.00000
  -2.80000   0.00000
  -2.70000   0.00000
  -2.60000   0.00000
  -2.50000   0.00000
  -2.40000   0.00000
  -2.30000   0.00000
  -2.20000   0.00000
  -2.10000   0.00000
  -2.00000   0.00000
  -1.90000   0.00000
  -1.80000   0.00000
  -1.70000   0.00000
  -1.60000   0.00000
  -1.50000   0.00000
  -1.40000   0.00000
  -1.30000   0.00000
  -1.20000   0.00000
  -1.10000   0.00000
  -1.00000   0.00008
  -0.90000   0.00901
  -0.80000   0.03914
  -0.70000   0.07562
  -0.60000   0.09665
  -0.50000   0.09993
  -0.40000   0.08989
  -0.30000   0.07938
  -0.20000   0.08552
  -0.10000   0.10414
   0.00000   0.11324
   0.10000   0.11260
   0.20000   0.11918
   0.30000   0.11396
   0.40000   0.07213
   0.50000   0.02960
   0.60000   0.01332
   0.70000   0.00809
   0.80000   0.00608
   0.90000   0.00831
   1.00000   0.01153
   1.10000   0.01121
   1.20000   0.00922
   1.30000   0.00672
   1.40000   0.00644
   1.50000   0.00893
   1.60000   0.00894
   1.70000   0.00684
   1.80000   0.00661
   1.90000   0.00766
   2.00000   0.00742
   2.10000   0.00500
   2.20000   0.00193
   2.30000   0.00030
   2.40000   0.00000
   2.50000   0.00000
   2.60000   0.00000
   2.70000   0.00000
   2.80000   0.00000
   2.90000   0.00000
   3.00000   0.00000
