 2-(dimethylamino)-ethanol sigma-profile (sigma [e/nm^2], p(sigma)*At [nm^2])
  -3.00000   0.00000
  -2.90000   0.00000
  -2.80000   0.00000
  -2.70000   0.00000
  -2.60000   0.00000
  -2.50000   0.00000
  -2.40000   0.00000
  -2.30000   0.00000
  -2.20000   0.00000
  -2.10000   0.00000
  -2.00000   0.00000
  -1.90000   0.00000
  -1.80000   0.00000
  -1.70000   0.00000
  -1.60000   0.00000
  -1.50000   0.00000
  -1.40000   0.00000
  -1.30000   0.00000
  -1.20000   0.00109
  -1.10000   0.00351
  -1.00000   0.00461
  -0.90000   0.00439
  -0.80000   0.00458
  -0.70000   0.02125
  -0.60000   0.06862
  -0.50000   0.11293
  -0.40000   0.13831
  -0.30000   0.15596
  -0.20000   0.15001
  -0.10000   0.14380
   0.00000   0.14933
   0.10000   0.11958
   0.20000   0.06280
   0.30000   0.02708
   0.40000   0.01564
   0.50000   0.01359
   0.60000   0.01556
   0.70000   0.01588
   0.80000   0.01286
   0.90000   0.00969
   1.00000   0.00907
   1.10000   0.01114
   1.20000   0.01293
   1.30000   0.01275
   1.40000   0.01192
   1.50000   0.01417
   1.60000   0.01991
   1.70000   0.02117
   1.80000   0.01335
   1.90000   0.00396
   2.00000   0.00023
   2.10000   0.00000
   2.20000   0.00000
   2.30000   0.00000
   2.40000   0.00000
   2.50000   0.00000
   2.60000   0.00000
   2.70000   0.00000
   2.80000   0.00000
   2.90000   0.00000
   3.00000   0.00000
