 3-picoline sigma-profile (sigma [e/nm^2], p(sigma)*At [nm^2])
  -3.00000   0.00000
  -2.90000   0.00000
  -2.80000   0.00000
  -2.70000   0.00000
  -2.60000   0.00000
  -2.50000   0.00000
  -2.40000   0.00000
  -2.30000   0.00000
  -2.20000   0.00000
  -2.10000   0.00000
  -2.00000   0.00000
  -1.90000   0.00000
  -1.80000   0.00000
  -1.70000   0.00000
  -1.60000   0.00000
  -1.50000   0.00000
  -1.40000   0.00000
  -1.30000   0.00000
  -1.20000   0.00000
  -1.10000   0.00000
  -1.00000   0.00045
  -0.90000   0.01053
  -0.80000   0.03780
  -0.70000   0.07029
  -0.60000   0.09355
  -0.50000   0.09809
  -0.40000   0.09121
  -0.30000   0.08460
  -0.20000   0.08446
  -0.10000   0.09884
   0.00000   0.11614
   0.10000   0.12458
   0.20000   0.12479
   0.30000   0.10727
   0.40000   0.06684
   0.50000   0.03149
   0.60000   0.01569
   0.70000   0.00757
   0.80000   0.00557
   0.90000   0.00858
   1.00000   0.01071
   1.10000   0.01097
   1.20000   0.01004
   1.30000   0.00654
   1.40000   0.00603
   1.50000   0.00970
   1.60000   0.00905
   1.70000   0.00574
   1.80000   0.00607
   1.90000   0.00767
   2.00000   0.00732
   2.10000   0.00461
   2.20000   0.00154
   2.30000   0.00020
   2.40000   0.00000
   2.50000   0.00000
   2.60000   0.00000
   2.70000   0.00000
   2.80000   0.00000
   2.90000   0.00000
   3.00000   0.00000
