 2,6-dimethyl-4-heptanol sigma-profile (sigma [e/nm^2], p(sigma)*At [nm^2])
  -3.00000   0.00000
  -2.90000   0.00000
  -2.80000   0.00000
  -2.70000   0.00000
  -2.60000   0.00000
  -2.50000   0.00000
  -2.40000   0.00000
  -2.30000   0.00000
  -2.20000   0.00000
  -2.10000   0.00000
  -2.00000   0.00000
  -1.90000   0.00000
  -1.80000   0.00035
  -1.70000   0.00382
  -1.60000   0.00821
  -1.50000   0.00862
  -1.40000   0.00760
  -1.30000   0.00722
  -1.20000   0.00651
  -1.10000   0.00544
  -1.00000   0.00575
  -0.90000   0.00589
  -0.80000   0.00538
  -0.70000   0.00688
  -0.60000   0.01840
  -0.50000   0.07816
  -0.40000   0.17734
  -0.30000   0.22873
  -0.20000   0.23213
  -0.10000   0.22698
   0.00000   0.20226
   0.10000   0.20754
   0.20000   0.25316
   0.30000   0.22370
   0.40000   0.10547
   0.50000   0.02226
   0.60000   0.00496
   0.70000   0.00680
   0.80000   0.00869
   0.90000   0.00793
   1.00000   0.00789
   1.10000   0.00742
   1.20000   0.00810
   1.30000   0.01031
   1.40000   0.01056
   1.50000   0.01206
   1.60000   0.01433
   1.70000   0.01244
   1.80000   0.00699
   1.90000   0.00190
   2.00000   0.00000
   2.10000   0.00000
   2.20000   0.00000
   2.30000   0.00000
   2.40000   0.00000
   2.50000   0.00000
   2.60000   0.00000
   2.70000   0.00000
   2.80000   0.00000
   2.90000   0.00000
   3.00000   0.00000
