 aceticanhydride sigma-profile (sigma [e/nm^2], p(sigma)*At [nm^2])
  -3.00000   0.00000
  -2.90000   0.00000
  -2.80000   0.00000
  -2.70000   0.00000
  -2.60000   0.00000
  -2.50000   0.00000
  -2.40000   0.00000
  -2.30000   0.00000
  -2.20000   0.00000
  -2.10000   0.00000
  -2.00000   0.00000
  -1.90000   0.00000
  -1.80000   0.00000
  -1.70000   0.00000
  -1.60000   0.00000
  -1.50000   0.00000
  -1.40000   0.00000
  -1.30000   0.00000
  -1.20000   0.00000
  -1.10000   0.00000
  -1.00000   0.01065
  -0.90000   0.04932
  -0.80000   0.09094
  -0.70000   0.10397
  -0.60000   0.10029
  -0.50000   0.08682
  -0.40000   0.09414
  -0.30000   0.12616
  -0.20000   0.12292
  -0.10000   0.08205
   0.00000   0.04709
   0.10000   0.03260
   0.20000   0.02402
   0.30000   0.01727
   0.40000   0.01945
   0.50000   0.02457
   0.60000   0.02781
   0.70000   0.02956
   0.80000   0.03070
   0.90000   0.03773
   1.00000   0.05297
   1.10000   0.06274
   1.20000   0.05446
   1.30000   0.03820
   1.40000   0.02326
   1.50000   0.00839
   1.60000   0.00068
   1.70000   0.00000
   1.80000   0.00000
   1.90000   0.00000
   2.00000   0.00000
   2.10000   0.00000
   2.20000   0.00000
   2.30000   0.00000
   2.40000   0.00000
   2.50000   0.00000
   2.60000   0.00000
   2.70000   0.00000
   2.80000   0.00000
   2.90000   0.00000
   3.00000   0.00000
