 diisopropylamine sigma-profile (sigma [e/nm^2], p(sigma)*At [nm^2])
  -3.00000   0.00000
  -2.90000   0.00000
  -2.80000   0.00000
  -2.70000   0.00000
  -2.60000   0.00000
  -2.50000   0.00000
  -2.40000   0.00000
  -2.30000   0.00000
  -2.20000   0.00000
  -2.10000   0.00000
  -2.00000   0.00000
  -1.90000   0.00000
  -1.80000   0.00000
  -1.70000   0.00000
  -1.60000   0.00000
  -1.50000   0.00000
  -1.40000   0.00000
  -1.30000   0.00002
  -1.20000   0.00194
  -1.10000   0.00573
  -1.00000   0.00773
  -0.90000   0.00842
  -0.80000   0.00831
  -0.70000   0.00707
  -0.60000   0.02574
  -0.50000   0.08596
  -0.40000   0.15592
  -0.30000   0.17552
  -0.20000   0.16762
  -0.10000   0.16533
   0.00000   0.15540
   0.10000   0.17122
   0.20000   0.19954
   0.30000   0.16072
   0.40000   0.06724
   0.50000   0.01392
   0.60000   0.00817
   0.70000   0.00659
   0.80000   0.00508
   0.90000   0.00562
   1.00000   0.00617
   1.10000   0.00413
   1.20000   0.00285
   1.30000   0.00253
   1.40000   0.00165
   1.50000   0.00240
   1.60000   0.00634
   1.70000   0.00804
   1.80000   0.00463
   1.90000   0.00213
   2.00000   0.00208
   2.10000   0.00196
   2.20000   0.00229
   2.30000   0.00372
   2.40000   0.00417
   2.50000   0.00261
   2.60000   0.00104
   2.70000   0.00025
   2.80000   0.00000
   2.90000   0.00000
   3.00000   0.00000
