 2,6-dimethylpyridine sigma-profile (sigma [e/nm^2], p(sigma)*At [nm^2])
  -3.00000   0.00000
  -2.90000   0.00000
  -2.80000   0.00000
  -2.70000   0.00000
  -2.60000   0.00000
  -2.50000   0.00000
  -2.40000   0.00000
  -2.30000   0.00000
  -2.20000   0.00000
  -2.10000   0.00000
  -2.00000   0.00000
  -1.90000   0.00000
  -1.80000   0.00000
  -1.70000   0.00000
  -1.60000   0.00000
  -1.50000   0.00000
  -1.40000   0.00000
  -1.30000   0.00000
  -1.20000   0.00000
  -1.10000   0.00000
  -1.00000   0.00008
  -0.90000   0.00776
  -0.80000   0.02872
  -0.70000   0.06098
  -0.60000   0.10073
  -0.50000   0.11908
  -0.40000   0.11165
  -0.30000   0.10429
  -0.20000   0.09873
  -0.10000   0.11293
   0.00000   0.15142
   0.10000   0.16434
   0.20000   0.13597
   0.30000   0.11150
   0.40000   0.09030
   0.50000   0.04958
   0.60000   0.01816
   0.70000   0.00964
   0.80000   0.00972
   0.90000   0.01062
   1.00000   0.00812
   1.10000   0.00485
   1.20000   0.00501
   1.30000   0.00807
   1.40000   0.00928
   1.50000   0.00707
   1.60000   0.00517
   1.70000   0.00428
   1.80000   0.00408
   1.90000   0.00615
   2.00000   0.00756
   2.10000   0.00524
   2.20000   0.00319
   2.30000   0.00192
   2.40000   0.00043
   2.50000   0.00000
   2.60000   0.00000
   2.70000   0.00000
   2.80000   0.00000
   2.90000   0.00000
   3.00000   0.00000
