 phenol sigma-profile (sigma [e/nm^2], p(sigma)*At [nm^2])
  -3.00000   0.00000
  -2.90000   0.00000
  -2.80000   0.00000
  -2.70000   0.00000
  -2.60000   0.00000
  -2.50000   0.00000
  -2.40000   0.00000
  -2.30000   0.00000
  -2.20000   0.00000
  -2.10000   0.00077
  -2.00000   0.00437
  -1.90000   0.00984
  -1.80000   0.01135
  -1.70000   0.00968
  -1.60000   0.00954
  -1.50000   0.00777
  -1.40000   0.00468
  -1.30000   0.00486
  -1.20000   0.00672
  -1.10000   0.00778
  -1.00000   0.00801
  -0.90000   0.01324
  -0.80000   0.03459
  -0.70000   0.06157
  -0.60000   0.06841
  -0.50000   0.06183
  -0.40000   0.06195
  -0.30000   0.06238
  -0.20000   0.05889
  -0.10000   0.05995
   0.00000   0.06212
   0.10000   0.05962
   0.20000   0.07122
   0.30000   0.09471
   0.40000   0.10401
   0.50000   0.10997
   0.60000   0.09821
   0.70000   0.05427
   0.80000   0.01981
   0.90000   0.01042
   1.00000   0.01202
   1.10000   0.01658
   1.20000   0.01879
   1.30000   0.01437
   1.40000   0.00512
   1.50000   0.00020
   1.60000   0.00000
   1.70000   0.00000
   1.80000   0.00000
   1.90000   0.00000
   2.00000   0.00000
   2.10000   0.00000
   2.20000   0.00000
   2.30000   0.00000
   2.40000   0.00000
   2.50000   0.00000
   2.60000   0.00000
   2.70000   0.00000
   2.80000   0.00000
   2.90000   0.00000
   3.00000   0.00000
