 n-propylacetate sigma-profile (sigma [e/nm^2], p(sigma)*At [nm^2])
  -3.00000   0.00000
  -2.90000   0.00000
  -2.80000   0.00000
  -2.70000   0.00000
  -2.60000   0.00000
  -2.50000   0.00000
  -2.40000   0.00000
  -2.30000   0.00000
  -2.20000   0.00000
  -2.10000   0.00000
  -2.00000   0.00000
  -1.90000   0.00000
  -1.80000   0.00000
  -1.70000   0.00000
  -1.60000   0.00000
  -1.50000   0.00000
  -1.40000   0.00000
  -1.30000   0.00000
  -1.20000   0.00000
  -1.10000   0.00000
  -1.00000   0.00016
  -0.90000   0.00621
  -0.80000   0.02833
  -0.70000   0.05809
  -0.60000   0.08666
  -0.50000   0.12437
  -0.40000   0.15190
  -0.30000   0.15643
  -0.20000   0.15868
  -0.10000   0.14918
   0.00000   0.12293
   0.10000   0.10148
   0.20000   0.07911
   0.30000   0.04578
   0.40000   0.02285
   0.50000   0.01712
   0.60000   0.01497
   0.70000   0.01735
   0.80000   0.02201
   0.90000   0.02151
   1.00000   0.01996
   1.10000   0.02356
   1.20000   0.03295
   1.30000   0.03691
   1.40000   0.02858
   1.50000   0.01826
   1.60000   0.00977
   1.70000   0.00297
   1.80000   0.00035
   1.90000   0.00000
   2.00000   0.00000
   2.10000   0.00000
   2.20000   0.00000
   2.30000   0.00000
   2.40000   0.00000
   2.50000   0.00000
   2.60000   0.00000
   2.70000   0.00000
   2.80000   0.00000
   2.90000   0.00000
   3.00000   0.00000
