 2-methoxyethanol sigma-profile (sigma [e/nm^2], p(sigma)*At [nm^2])
  -3.00000   0.00000
  -2.90000   0.00000
  -2.80000   0.00000
  -2.70000   0.00000
  -2.60000   0.00000
  -2.50000   0.00000
  -2.40000   0.00000
  -2.30000   0.00000
  -2.20000   0.00000
  -2.10000   0.00000
  -2.00000   0.00000
  -1.90000   0.00000
  -1.80000   0.00038
  -1.70000   0.00239
  -1.60000   0.00612
  -1.50000   0.00791
  -1.40000   0.00597
  -1.30000   0.00482
  -1.20000   0.00587
  -1.10000   0.00539
  -1.00000   0.00399
  -0.90000   0.00435
  -0.80000   0.00985
  -0.70000   0.02868
  -0.60000   0.07193
  -0.50000   0.12055
  -0.40000   0.13627
  -0.30000   0.12114
  -0.20000   0.10928
  -0.10000   0.10406
   0.00000   0.08005
   0.10000   0.04938
   0.20000   0.03022
   0.30000   0.02040
   0.40000   0.02123
   0.50000   0.02305
   0.60000   0.01826
   0.70000   0.01489
   0.80000   0.01519
   0.90000   0.01635
   1.00000   0.01810
   1.10000   0.02047
   1.20000   0.02246
   1.30000   0.02006
   1.40000   0.02030
   1.50000   0.02522
   1.60000   0.02398
   1.70000   0.01430
   1.80000   0.00432
   1.90000   0.00036
   2.00000   0.00000
   2.10000   0.00000
   2.20000   0.00000
   2.30000   0.00000
   2.40000   0.00000
   2.50000   0.00000
   2.60000   0.00000
   2.70000   0.00000
   2.80000   0.00000
   2.90000   0.00000
   3.00000   0.00000
