 1,3-propanediamine sigma-profile (sigma [e/nm^2], p(sigma)*At [nm^2])
  -3.00000   0.00000
  -2.90000   0.00000
  -2.80000   0.00000
  -2.70000   0.00000
  -2.60000   0.00000
  -2.50000   0.00000
  -2.40000   0.00000
  -2.30000   0.00000
  -2.20000   0.00000
  -2.10000   0.00000
  -2.00000   0.00000
  -1.90000   0.00000
  -1.80000   0.00000
  -1.70000   0.00000
  -1.60000   0.00000
  -1.50000   0.00000
  -1.40000   0.00000
  -1.30000   0.00153
  -1.20000   0.01519
  -1.10000   0.03715
  -1.00000   0.04463
  -0.90000   0.03990
  -0.80000   0.03696
  -0.70000   0.03515
  -0.60000   0.04081
  -0.50000   0.07628
  -0.40000   0.12599
  -0.30000   0.13936
  -0.20000   0.11874
  -0.10000   0.09173
   0.00000   0.06720
   0.10000   0.05700
   0.20000   0.05174
   0.30000   0.03825
   0.40000   0.02512
   0.50000   0.01799
   0.60000   0.01515
   0.70000   0.01327
   0.80000   0.01222
   0.90000   0.01230
   1.00000   0.01142
   1.10000   0.01072
   1.20000   0.01230
   1.30000   0.01271
   1.40000   0.01132
   1.50000   0.01097
   1.60000   0.01023
   1.70000   0.01020
   1.80000   0.01261
   1.90000   0.01307
   2.00000   0.00995
   2.10000   0.00999
   2.20000   0.01236
   2.30000   0.01165
   2.40000   0.00906
   2.50000   0.00449
   2.60000   0.00072
   2.70000   0.00000
   2.80000   0.00000
   2.90000   0.00000
   3.00000   0.00000
