 diethylamine sigma-profile (sigma [e/nm^2], p(sigma)*At [nm^2])
  -3.00000   0.00000
  -2.90000   0.00000
  -2.80000   0.00000
  -2.70000   0.00000
  -2.60000   0.00000
  -2.50000   0.00000
  -2.40000   0.00000
  -2.30000   0.00000
  -2.20000   0.00000
  -2.10000   0.00000
  -2.00000   0.00000
  -1.90000   0.00000
  -1.80000   0.00000
  -1.70000   0.00000
  -1.60000   0.00000
  -1.50000   0.00000
  -1.40000   0.00000
  -1.30000   0.00012
  -1.20000   0.00315
  -1.10000   0.00844
  -1.00000   0.01002
  -0.90000   0.00857
  -0.80000   0.00855
  -0.70000   0.00824
  -0.60000   0.01947
  -0.50000   0.06550
  -0.40000   0.11843
  -0.30000   0.13882
  -0.20000   0.14629
  -0.10000   0.14803
   0.00000   0.14564
   0.10000   0.15474
   0.20000   0.14310
   0.30000   0.08976
   0.40000   0.03349
   0.50000   0.00936
   0.60000   0.00714
   0.70000   0.00724
   0.80000   0.00675
   0.90000   0.00658
   1.00000   0.00583
   1.10000   0.00337
   1.20000   0.00267
   1.30000   0.00423
   1.40000   0.00416
   1.50000   0.00357
   1.60000   0.00485
   1.70000   0.00659
   1.80000   0.00596
   1.90000   0.00338
   2.00000   0.00219
   2.10000   0.00218
   2.20000   0.00421
   2.30000   0.00617
   2.40000   0.00371
   2.50000   0.00124
   2.60000   0.00051
   2.70000   0.00000
   2.80000   0.00000
   2.90000   0.00000
   3.00000   0.00000
