 decanedioicaciddibutylester sigma-profile (sigma [e/nm^2], p(sigma)*At [nm^2])
  -3.00000   0.00000
  -2.90000   0.00000
  -2.80000   0.00000
  -2.70000   0.00000
  -2.60000   0.00000
  -2.50000   0.00000
  -2.40000   0.00000
  -2.30000   0.00000
  -2.20000   0.00000
  -2.10000   0.00000
  -2.00000   0.00000
  -1.90000   0.00000
  -1.80000   0.00000
  -1.70000   0.00000
  -1.60000   0.00000
  -1.50000   0.00000
  -1.40000   0.00000
  -1.30000   0.00000
  -1.20000   0.00000
  -1.10000   0.00000
  -1.00000   0.00000
  -0.90000   0.00048
  -0.80000   0.02210
  -0.70000   0.07854
  -0.60000   0.13873
  -0.50000   0.25220
  -0.40000   0.43592
  -0.30000   0.52941
  -0.20000   0.51087
  -0.10000   0.46966
   0.00000   0.40217
   0.10000   0.33662
   0.20000   0.29521
   0.30000   0.21270
   0.40000   0.09702
   0.50000   0.04193
   0.60000   0.03766
   0.70000   0.03723
   0.80000   0.03969
   0.90000   0.04004
   1.00000   0.04102
   1.10000   0.05031
   1.20000   0.06805
   1.30000   0.07266
   1.40000   0.05351
   1.50000   0.03340
   1.60000   0.01727
   1.70000   0.00405
   1.80000   0.00002
   1.90000   0.00000
   2.00000   0.00000
   2.10000   0.00000
   2.20000   0.00000
   2.30000   0.00000
   2.40000   0.00000
   2.50000   0.00000
   2.60000   0.00000
   2.70000   0.00000
   2.80000   0.00000
   2.90000   0.00000
   3.00000   0.00000
