 ethylformate sigma-profile (sigma [e/nm^2], p(sigma)*At [nm^2])
  -3.00000   0.00000
  -2.90000   0.00000
  -2.80000   0.00000
  -2.70000   0.00000
  -2.60000   0.00000
  -2.50000   0.00000
  -2.40000   0.00000
  -2.30000   0.00000
  -2.20000   0.00000
  -2.10000   0.00000
  -2.00000   0.00000
  -1.90000   0.00000
  -1.80000   0.00000
  -1.70000   0.00000
  -1.60000   0.00000
  -1.50000   0.00000
  -1.40000   0.00000
  -1.30000   0.00000
  -1.20000   0.00001
  -1.10000   0.00542
  -1.00000   0.01644
  -0.90000   0.02199
  -0.80000   0.02947
  -0.70000   0.05204
  -0.60000   0.08192
  -0.50000   0.10516
  -0.40000   0.11106
  -0.30000   0.09915
  -0.20000   0.08017
  -0.10000   0.07014
   0.00000   0.07087
   0.10000   0.05978
   0.20000   0.03506
   0.30000   0.02316
   0.40000   0.02543
   0.50000   0.02385
   0.60000   0.01724
   0.70000   0.01390
   0.80000   0.01787
   0.90000   0.02463
   1.00000   0.02873
   1.10000   0.03520
   1.20000   0.03855
   1.30000   0.03063
   1.40000   0.01993
   1.50000   0.01057
   1.60000   0.00308
   1.70000   0.00022
   1.80000   0.00000
   1.90000   0.00000
   2.00000   0.00000
   2.10000   0.00000
   2.20000   0.00000
   2.30000   0.00000
   2.40000   0.00000
   2.50000   0.00000
   2.60000   0.00000
   2.70000   0.00000
   2.80000   0.00000
   2.90000   0.00000
   3.00000   0.00000
