 1-bromobutane sigma-profile (sigma [e/nm^2], p(sigma)*At [nm^2])
  -3.00000   0.00000
  -2.90000   0.00000
  -2.80000   0.00000
  -2.70000   0.00000
  -2.60000   0.00000
  -2.50000   0.00000
  -2.40000   0.00000
  -2.30000   0.00000
  -2.20000   0.00000
  -2.10000   0.00000
  -2.00000   0.00000
  -1.90000   0.00000
  -1.80000   0.00000
  -1.70000   0.00000
  -1.60000   0.00000
  -1.50000   0.00000
  -1.40000   0.00000
  -1.30000   0.00000
  -1.20000   0.00000
  -1.10000   0.00000
  -1.00000   0.00045
  -0.90000   0.00885
  -0.80000   0.02467
  -0.70000   0.03106
  -0.60000   0.04169
  -0.50000   0.08382
  -0.40000   0.13012
  -0.30000   0.14640
  -0.20000   0.13979
  -0.10000   0.12212
   0.00000   0.11113
   0.10000   0.11190
   0.20000   0.10512
   0.30000   0.08010
   0.40000   0.04869
   0.50000   0.04303
   0.60000   0.06379
   0.70000   0.07790
   0.80000   0.05805
   0.90000   0.01831
   1.00000   0.00000
   1.10000   0.00000
   1.20000   0.00000
   1.30000   0.00000
   1.40000   0.00000
   1.50000   0.00000
   1.60000   0.00000
   1.70000   0.00000
   1.80000   0.00000
   1.90000   0.00000
   2.00000   0.00000
   2.10000   0.00000
   2.20000   0.00000
   2.30000   0.00000
   2.40000   0.00000
   2.50000   0.00000
   2.60000   0.00000
   2.70000   0.00000
   2.80000   0.00000
   2.90000   0.00000
   3.00000   0.00000
