 butyronitrile sigma-profile (sigma [e/nm^2], p(sigma)*At [nm^2])
  -3.00000   0.00000
  -2.90000   0.00000
  -2.80000   0.00000
  -2.70000   0.00000
  -2.60000   0.00000
  -2.50000   0.00000
  -2.40000   0.00000
  -2.30000   0.00000
  -2.20000   0.00000
  -2.10000   0.00000
  -2.00000   0.00000
  -1.90000   0.00000
  -1.80000   0.00000
  -1.70000   0.00000
  -1.60000   0.00000
  -1.50000   0.00000
  -1.40000   0.00000
  -1.30000   0.00000
  -1.20000   0.00000
  -1.10000   0.00047
  -1.00000   0.01181
  -0.90000   0.03200
  -0.80000   0.03771
  -0.70000   0.03800
  -0.60000   0.06865
  -0.50000   0.11709
  -0.40000   0.12796
  -0.30000   0.10081
  -0.20000   0.08617
  -0.10000   0.08847
   0.00000   0.08165
   0.10000   0.06998
   0.20000   0.05605
   0.30000   0.03441
   0.40000   0.02069
   0.50000   0.01640
   0.60000   0.01301
   0.70000   0.01986
   0.80000   0.03055
   0.90000   0.03438
   1.00000   0.03640
   1.10000   0.03490
   1.20000   0.02813
   1.30000   0.02263
   1.40000   0.01858
   1.50000   0.01026
   1.60000   0.00231
   1.70000   0.00000
   1.80000   0.00000
   1.90000   0.00000
   2.00000   0.00000
   2.10000   0.00000
   2.20000   0.00000
   2.30000   0.00000
   2.40000   0.00000
   2.50000   0.00000
   2.60000   0.00000
   2.70000   0.00000
   2.80000   0.00000
   2.90000   0.00000
   3.00000   0.00000
