 n-bucooh sigma-profile (sigma [e/nm^2], p(sigma)*At [nm^2])
  -3.00000   0.00000
  -2.90000   0.00000
  -2.80000   0.00000
  -2.70000   0.00000
  -2.60000   0.00000
  -2.50000   0.00000
  -2.40000   0.00000
  -2.30000   0.00000
  -2.20000   0.00000
  -2.10000   0.00048
  -2.00000   0.00483
  -1.90000   0.01075
  -1.80000   0.01201
  -1.70000   0.01094
  -1.60000   0.00878
  -1.50000   0.00515
  -1.40000   0.00403
  -1.30000   0.00578
  -1.20000   0.00604
  -1.10000   0.00456
  -1.00000   0.00429
  -0.90000   0.00691
  -0.80000   0.01821
  -0.70000   0.03443
  -0.60000   0.04430
  -0.50000   0.07497
  -0.40000   0.12831
  -0.30000   0.14632
  -0.20000   0.13867
  -0.10000   0.13156
   0.00000   0.11024
   0.10000   0.10113
   0.20000   0.10781
   0.30000   0.08546
   0.40000   0.03892
   0.50000   0.01356
   0.60000   0.01718
   0.70000   0.02547
   0.80000   0.02324
   0.90000   0.02141
   1.00000   0.02965
   1.10000   0.03778
   1.20000   0.03788
   1.30000   0.03076
   1.40000   0.02306
   1.50000   0.01496
   1.60000   0.00582
   1.70000   0.00090
   1.80000   0.00000
   1.90000   0.00000
   2.00000   0.00000
   2.10000   0.00000
   2.20000   0.00000
   2.30000   0.00000
   2.40000   0.00000
   2.50000   0.00000
   2.60000   0.00000
   2.70000   0.00000
   2.80000   0.00000
   2.90000   0.00000
   3.00000   0.00000
