 1-butylamine sigma-profile (sigma [e/nm^2], p(sigma)*At [nm^2])
  -3.00000   0.00000
  -2.90000   0.00000
  -2.80000   0.00000
  -2.70000   0.00000
  -2.60000   0.00000
  -2.50000   0.00000
  -2.40000   0.00000
  -2.30000   0.00000
  -2.20000   0.00000
  -2.10000   0.00000
  -2.00000   0.00000
  -1.90000   0.00000
  -1.80000   0.00000
  -1.70000   0.00000
  -1.60000   0.00000
  -1.50000   0.00000
  -1.40000   0.00000
  -1.30000   0.00048
  -1.20000   0.00662
  -1.10000   0.01771
  -1.00000   0.02227
  -0.90000   0.01913
  -0.80000   0.01778
  -0.70000   0.01885
  -0.60000   0.01958
  -0.50000   0.04645
  -0.40000   0.10952
  -0.30000   0.14849
  -0.20000   0.14376
  -0.10000   0.13383
   0.00000   0.12330
   0.10000   0.11981
   0.20000   0.12299
   0.30000   0.09659
   0.40000   0.04430
   0.50000   0.01264
   0.60000   0.00776
   0.70000   0.00702
   0.80000   0.00671
   0.90000   0.00699
   1.00000   0.00635
   1.10000   0.00547
   1.20000   0.00525
   1.30000   0.00501
   1.40000   0.00457
   1.50000   0.00586
   1.60000   0.00740
   1.70000   0.00625
   1.80000   0.00432
   1.90000   0.00473
   2.00000   0.00559
   2.10000   0.00618
   2.20000   0.00658
   2.30000   0.00571
   2.40000   0.00463
   2.50000   0.00246
   2.60000   0.00037
   2.70000   0.00000
   2.80000   0.00000
   2.90000   0.00000
   3.00000   0.00000
