 1,4-dichloro-trans-2-butene sigma-profile (sigma [e/nm^2], p(sigma)*At [nm^2])
  -3.00000   0.00000
  -2.90000   0.00000
  -2.80000   0.00000
  -2.70000   0.00000
  -2.60000   0.00000
  -2.50000   0.00000
  -2.40000   0.00000
  -2.30000   0.00000
  -2.20000   0.00000
  -2.10000   0.00000
  -2.00000   0.00000
  -1.90000   0.00000
  -1.80000   0.00000
  -1.70000   0.00000
  -1.60000   0.00000
  -1.50000   0.00000
  -1.40000   0.00000
  -1.30000   0.00000
  -1.20000   0.00000
  -1.10000   0.00226
  -1.00000   0.02888
  -0.90000   0.07860
  -0.80000   0.10094
  -0.70000   0.08712
  -0.60000   0.07337
  -0.50000   0.07113
  -0.40000   0.07455
  -0.30000   0.07254
  -0.20000   0.06476
  -0.10000   0.06150
   0.00000   0.06506
   0.10000   0.06766
   0.20000   0.06474
   0.30000   0.07853
   0.40000   0.09230
   0.50000   0.09301
   0.60000   0.12655
   0.70000   0.14746
   0.80000   0.08827
   0.90000   0.01960
   1.00000   0.00000
   1.10000   0.00000
   1.20000   0.00000
   1.30000   0.00000
   1.40000   0.00000
   1.50000   0.00000
   1.60000   0.00000
   1.70000   0.00000
   1.80000   0.00000
   1.90000   0.00000
   2.00000   0.00000
   2.10000   0.00000
   2.20000   0.00000
   2.30000   0.00000
   2.40000   0.00000
   2.50000   0.00000
   2.60000   0.00000
   2.70000   0.00000
   2.80000   0.00000
   2.90000   0.00000
   3.00000   0.00000
