 2,2'-oxybisaceticacid sigma-profile (sigma [e/nm^2], p(sigma)*At [nm^2])
  -3.00000   0.00000
  -2.90000   0.00000
  -2.80000   0.00000
  -2.70000   0.00000
  -2.60000   0.00000
  -2.50000   0.00000
  -2.40000   0.00000
  -2.30000   0.00007
  -2.20000   0.00374
  -2.10000   0.01133
  -2.00000   0.01479
  -1.90000   0.01246
  -1.80000   0.00857
  -1.70000   0.00517
  -1.60000   0.00505
  -1.50000   0.00731
  -1.40000   0.00723
  -1.30000   0.00819
  -1.20000   0.02045
  -1.10000   0.04549
  -1.00000   0.06520
  -0.90000   0.06768
  -0.80000   0.06466
  -0.70000   0.06577
  -0.60000   0.06840
  -0.50000   0.07111
  -0.40000   0.06812
  -0.30000   0.05299
  -0.20000   0.04156
  -0.10000   0.04122
   0.00000   0.04215
   0.10000   0.04167
   0.20000   0.04147
   0.30000   0.04066
   0.40000   0.04072
   0.50000   0.04443
   0.60000   0.04838
   0.70000   0.05606
   0.80000   0.05733
   0.90000   0.04653
   1.00000   0.04711
   1.10000   0.06217
   1.20000   0.06634
   1.30000   0.04867
   1.40000   0.02922
   1.50000   0.02022
   1.60000   0.01337
   1.70000   0.00524
   1.80000   0.00057
   1.90000   0.00000
   2.00000   0.00000
   2.10000   0.00000
   2.20000   0.00000
   2.30000   0.00000
   2.40000   0.00000
   2.50000   0.00000
   2.60000   0.00000
   2.70000   0.00000
   2.80000   0.00000
   2.90000   0.00000
   3.00000   0.00000
