 n-pentylamine sigma-profile (sigma [e/nm^2], p(sigma)*At [nm^2])
  -3.00000   0.00000
  -2.90000   0.00000
  -2.80000   0.00000
  -2.70000   0.00000
  -2.60000   0.00000
  -2.50000   0.00000
  -2.40000   0.00000
  -2.30000   0.00000
  -2.20000   0.00000
  -2.10000   0.00000
  -2.00000   0.00000
  -1.90000   0.00000
  -1.80000   0.00000
  -1.70000   0.00000
  -1.60000   0.00000
  -1.50000   0.00000
  -1.40000   0.00000
  -1.30000   0.00055
  -1.20000   0.00685
  -1.10000   0.01767
  -1.00000   0.02199
  -0.90000   0.02038
  -0.80000   0.01870
  -0.70000   0.01668
  -0.60000   0.01828
  -0.50000   0.04717
  -0.40000   0.11735
  -0.30000   0.16952
  -0.20000   0.17255
  -0.10000   0.16659
   0.00000   0.15584
   0.10000   0.14563
   0.20000   0.14315
   0.30000   0.11493
   0.40000   0.05604
   0.50000   0.01500
   0.60000   0.00722
   0.70000   0.00672
   0.80000   0.00627
   0.90000   0.00698
   1.00000   0.00628
   1.10000   0.00611
   1.20000   0.00645
   1.30000   0.00530
   1.40000   0.00430
   1.50000   0.00458
   1.60000   0.00619
   1.70000   0.00701
   1.80000   0.00671
   1.90000   0.00606
   2.00000   0.00464
   2.10000   0.00448
   2.20000   0.00571
   2.30000   0.00627
   2.40000   0.00506
   2.50000   0.00240
   2.60000   0.00045
   2.70000   0.00000
   2.80000   0.00000
   2.90000   0.00000
   3.00000   0.00000
