 fumaricacid sigma-profile (sigma [e/nm^2], p(sigma)*At [nm^2])
  -3.00000   0.00000
  -2.90000   0.00000
  -2.80000   0.00000
  -2.70000   0.00000
  -2.60000   0.00000
  -2.50000   0.00000
  -2.40000   0.00000
  -2.30000   0.00000
  -2.20000   0.00084
  -2.10000   0.00939
  -2.00000   0.02228
  -1.90000   0.02708
  -1.80000   0.02451
  -1.70000   0.01653
  -1.60000   0.00866
  -1.50000   0.00923
  -1.40000   0.01257
  -1.30000   0.01017
  -1.20000   0.00861
  -1.10000   0.01721
  -1.00000   0.02812
  -0.90000   0.03083
  -0.80000   0.02652
  -0.70000   0.02863
  -0.60000   0.04943
  -0.50000   0.07051
  -0.40000   0.07615
  -0.30000   0.07980
  -0.20000   0.07881
  -0.10000   0.06783
   0.00000   0.05772
   0.10000   0.05330
   0.20000   0.05059
   0.30000   0.03763
   0.40000   0.02169
   0.50000   0.02752
   0.60000   0.04413
   0.70000   0.04363
   0.80000   0.04553
   0.90000   0.05997
   1.00000   0.06637
   1.10000   0.06897
   1.20000   0.06388
   1.30000   0.04552
   1.40000   0.02316
   1.50000   0.00607
   1.60000   0.00024
   1.70000   0.00000
   1.80000   0.00000
   1.90000   0.00000
   2.00000   0.00000
   2.10000   0.00000
   2.20000   0.00000
   2.30000   0.00000
   2.40000   0.00000
   2.50000   0.00000
   2.60000   0.00000
   2.70000   0.00000
   2.80000   0.00000
   2.90000   0.00000
   3.00000   0.00000
