 bis(1,1-dimethylethyl)peroxide sigma-profile (sigma [e/nm^2], p(sigma)*At [nm^2])
  -3.00000   0.00000
  -2.90000   0.00000
  -2.80000   0.00000
  -2.70000   0.00000
  -2.60000   0.00000
  -2.50000   0.00000
  -2.40000   0.00000
  -2.30000   0.00000
  -2.20000   0.00000
  -2.10000   0.00000
  -2.00000   0.00000
  -1.90000   0.00000
  -1.80000   0.00000
  -1.70000   0.00000
  -1.60000   0.00000
  -1.50000   0.00000
  -1.40000   0.00000
  -1.30000   0.00000
  -1.20000   0.00000
  -1.10000   0.00000
  -1.00000   0.00000
  -0.90000   0.00000
  -0.80000   0.00025
  -0.70000   0.00973
  -0.60000   0.06269
  -0.50000   0.15257
  -0.40000   0.20697
  -0.30000   0.20719
  -0.20000   0.18534
  -0.10000   0.16568
   0.00000   0.18708
   0.10000   0.25168
   0.20000   0.25647
   0.30000   0.14947
   0.40000   0.04708
   0.50000   0.01830
   0.60000   0.01648
   0.70000   0.01536
   0.80000   0.01537
   0.90000   0.01575
   1.00000   0.01702
   1.10000   0.01912
   1.20000   0.01778
   1.30000   0.01274
   1.40000   0.00991
   1.50000   0.00967
   1.60000   0.00760
   1.70000   0.00332
   1.80000   0.00053
   1.90000   0.00000
   2.00000   0.00000
   2.10000   0.00000
   2.20000   0.00000
   2.30000   0.00000
   2.40000   0.00000
   2.50000   0.00000
   2.60000   0.00000
   2.70000   0.00000
   2.80000   0.00000
   2.90000   0.00000
   3.00000   0.00000
