 1,4-dichlorobutane sigma-profile (sigma [e/nm^2], p(sigma)*At [nm^2])
  -3.00000   0.00000
  -2.90000   0.00000
  -2.80000   0.00000
  -2.70000   0.00000
  -2.60000   0.00000
  -2.50000   0.00000
  -2.40000   0.00000
  -2.30000   0.00000
  -2.20000   0.00000
  -2.10000   0.00000
  -2.00000   0.00000
  -1.90000   0.00000
  -1.80000   0.00000
  -1.70000   0.00000
  -1.60000   0.00000
  -1.50000   0.00000
  -1.40000   0.00000
  -1.30000   0.00000
  -1.20000   0.00000
  -1.10000   0.00000
  -1.00000   0.00289
  -0.90000   0.02611
  -0.80000   0.06026
  -0.70000   0.08438
  -0.60000   0.10928
  -0.50000   0.12474
  -0.40000   0.11925
  -0.30000   0.10576
  -0.20000   0.09167
  -0.10000   0.07546
   0.00000   0.06693
   0.10000   0.06604
   0.20000   0.05113
   0.30000   0.05495
   0.40000   0.08414
   0.50000   0.08128
   0.60000   0.09079
   0.70000   0.13117
   0.80000   0.10513
   0.90000   0.03185
   1.00000   0.00025
   1.10000   0.00000
   1.20000   0.00000
   1.30000   0.00000
   1.40000   0.00000
   1.50000   0.00000
   1.60000   0.00000
   1.70000   0.00000
   1.80000   0.00000
   1.90000   0.00000
   2.00000   0.00000
   2.10000   0.00000
   2.20000   0.00000
   2.30000   0.00000
   2.40000   0.00000
   2.50000   0.00000
   2.60000   0.00000
   2.70000   0.00000
   2.80000   0.00000
   2.90000   0.00000
   3.00000   0.00000
