 2-butyne-1,4-diol sigma-profile (sigma [e/nm^2], p(sigma)*At [nm^2])
  -3.00000   0.00000
  -2.90000   0.00000
  -2.80000   0.00000
  -2.70000   0.00000
  -2.60000   0.00000
  -2.50000   0.00000
  -2.40000   0.00000
  -2.30000   0.00000
  -2.20000   0.00000
  -2.10000   0.00000
  -2.00000   0.00000
  -1.90000   0.00335
  -1.80000   0.01291
  -1.70000   0.02166
  -1.60000   0.02267
  -1.50000   0.01871
  -1.40000   0.01377
  -1.30000   0.01166
  -1.20000   0.01263
  -1.10000   0.01229
  -1.00000   0.01348
  -0.90000   0.03362
  -0.80000   0.07073
  -0.70000   0.08728
  -0.60000   0.07495
  -0.50000   0.05982
  -0.40000   0.05844
  -0.30000   0.06049
  -0.20000   0.04841
  -0.10000   0.03994
   0.00000   0.04695
   0.10000   0.04594
   0.20000   0.03119
   0.30000   0.02911
   0.40000   0.04656
   0.50000   0.05552
   0.60000   0.05551
   0.70000   0.05921
   0.80000   0.04666
   0.90000   0.02560
   1.00000   0.02504
   1.10000   0.02998
   1.20000   0.02286
   1.30000   0.02430
   1.40000   0.03814
   1.50000   0.03997
   1.60000   0.02466
   1.70000   0.00779
   1.80000   0.00068
   1.90000   0.00000
   2.00000   0.00000
   2.10000   0.00000
   2.20000   0.00000
   2.30000   0.00000
   2.40000   0.00000
   2.50000   0.00000
   2.60000   0.00000
   2.70000   0.00000
   2.80000   0.00000
   2.90000   0.00000
   3.00000   0.00000
