 2-methyl-n-(2-methylpropyl)-1-propanamine sigma-profile (sigma [e/nm^2], p(sigma)*At [nm^2])
  -3.00000   0.00000
  -2.90000   0.00000
  -2.80000   0.00000
  -2.70000   0.00000
  -2.60000   0.00000
  -2.50000   0.00000
  -2.40000   0.00000
  -2.30000   0.00000
  -2.20000   0.00000
  -2.10000   0.00000
  -2.00000   0.00000
  -1.90000   0.00000
  -1.80000   0.00000
  -1.70000   0.00000
  -1.60000   0.00000
  -1.50000   0.00000
  -1.40000   0.00000
  -1.30000   0.00000
  -1.20000   0.00038
  -1.10000   0.00170
  -1.00000   0.00433
  -0.90000   0.00748
  -0.80000   0.00945
  -0.70000   0.01035
  -0.60000   0.01992
  -0.50000   0.07259
  -0.40000   0.17064
  -0.30000   0.23067
  -0.20000   0.24528
  -0.10000   0.24663
   0.00000   0.21837
   0.10000   0.22318
   0.20000   0.25098
   0.30000   0.18918
   0.40000   0.06969
   0.50000   0.01115
   0.60000   0.00678
   0.70000   0.00513
   0.80000   0.00545
   0.90000   0.00681
   1.00000   0.00591
   1.10000   0.00343
   1.20000   0.00235
   1.30000   0.00332
   1.40000   0.00482
   1.50000   0.00569
   1.60000   0.00428
   1.70000   0.00224
   1.80000   0.00424
   1.90000   0.00623
   2.00000   0.00409
   2.10000   0.00243
   2.20000   0.00300
   2.30000   0.00406
   2.40000   0.00388
   2.50000   0.00197
   2.60000   0.00041
   2.70000   0.00000
   2.80000   0.00000
   2.90000   0.00000
   3.00000   0.00000
