 cyclohexene sigma-profile (sigma [e/nm^2], p(sigma)*At [nm^2])
  -3.00000   0.00000
  -2.90000   0.00000
  -2.80000   0.00000
  -2.70000   0.00000
  -2.60000   0.00000
  -2.50000   0.00000
  -2.40000   0.00000
  -2.30000   0.00000
  -2.20000   0.00000
  -2.10000   0.00000
  -2.00000   0.00000
  -1.90000   0.00000
  -1.80000   0.00000
  -1.70000   0.00000
  -1.60000   0.00000
  -1.50000   0.00000
  -1.40000   0.00000
  -1.30000   0.00000
  -1.20000   0.00000
  -1.10000   0.00000
  -1.00000   0.00000
  -0.90000   0.00000
  -0.80000   0.00000
  -0.70000   0.00242
  -0.60000   0.01654
  -0.50000   0.06021
  -0.40000   0.11685
  -0.30000   0.14150
  -0.20000   0.13949
  -0.10000   0.14411
   0.00000   0.15924
   0.10000   0.16249
   0.20000   0.13366
   0.30000   0.07968
   0.40000   0.03765
   0.50000   0.02625
   0.60000   0.02475
   0.70000   0.02304
   0.80000   0.02025
   0.90000   0.01613
   1.00000   0.01166
   1.10000   0.00430
   1.20000   0.00005
   1.30000   0.00000
   1.40000   0.00000
   1.50000   0.00000
   1.60000   0.00000
   1.70000   0.00000
   1.80000   0.00000
   1.90000   0.00000
   2.00000   0.00000
   2.10000   0.00000
   2.20000   0.00000
   2.30000   0.00000
   2.40000   0.00000
   2.50000   0.00000
   2.60000   0.00000
   2.70000   0.00000
   2.80000   0.00000
   2.90000   0.00000
   3.00000   0.00000
