 valeraldehyde sigma-profile (sigma [e/nm^2], p(sigma)*At [nm^2])
  -3.00000   0.00000
  -2.90000   0.00000
  -2.80000   0.00000
  -2.70000   0.00000
  -2.60000   0.00000
  -2.50000   0.00000
  -2.40000   0.00000
  -2.30000   0.00000
  -2.20000   0.00000
  -2.10000   0.00000
  -2.00000   0.00000
  -1.90000   0.00000
  -1.80000   0.00000
  -1.70000   0.00000
  -1.60000   0.00000
  -1.50000   0.00000
  -1.40000   0.00000
  -1.30000   0.00000
  -1.20000   0.00000
  -1.10000   0.00000
  -1.00000   0.00000
  -0.90000   0.00174
  -0.80000   0.01923
  -0.70000   0.05388
  -0.60000   0.08058
  -0.50000   0.10639
  -0.40000   0.14035
  -0.30000   0.14911
  -0.20000   0.13615
  -0.10000   0.12278
   0.00000   0.10466
   0.10000   0.09887
   0.20000   0.10215
   0.30000   0.07572
   0.40000   0.03064
   0.50000   0.01099
   0.60000   0.01183
   0.70000   0.01109
   0.80000   0.01150
   0.90000   0.01516
   1.00000   0.02061
   1.10000   0.02662
   1.20000   0.02811
   1.30000   0.02392
   1.40000   0.02009
   1.50000   0.01672
   1.60000   0.00962
   1.70000   0.00265
   1.80000   0.00014
   1.90000   0.00000
   2.00000   0.00000
   2.10000   0.00000
   2.20000   0.00000
   2.30000   0.00000
   2.40000   0.00000
   2.50000   0.00000
   2.60000   0.00000
   2.70000   0.00000
   2.80000   0.00000
   2.90000   0.00000
   3.00000   0.00000
