 piperidine sigma-profile (sigma [e/nm^2], p(sigma)*At [nm^2])
  -3.00000   0.00000
  -2.90000   0.00000
  -2.80000   0.00000
  -2.70000   0.00000
  -2.60000   0.00000
  -2.50000   0.00000
  -2.40000   0.00000
  -2.30000   0.00000
  -2.20000   0.00000
  -2.10000   0.00000
  -2.00000   0.00000
  -1.90000   0.00000
  -1.80000   0.00000
  -1.70000   0.00000
  -1.60000   0.00000
  -1.50000   0.00000
  -1.40000   0.00000
  -1.30000   0.00064
  -1.20000   0.00515
  -1.10000   0.01171
  -1.00000   0.01300
  -0.90000   0.01058
  -0.80000   0.00863
  -0.70000   0.00703
  -0.60000   0.01128
  -0.50000   0.03953
  -0.40000   0.09313
  -0.30000   0.13893
  -0.20000   0.15794
  -0.10000   0.16422
   0.00000   0.17533
   0.10000   0.17175
   0.20000   0.12625
   0.30000   0.06364
   0.40000   0.02175
   0.50000   0.00806
   0.60000   0.00660
   0.70000   0.00554
   0.80000   0.00553
   0.90000   0.00535
   1.00000   0.00449
   1.10000   0.00487
   1.20000   0.00564
   1.30000   0.00437
   1.40000   0.00181
   1.50000   0.00143
   1.60000   0.00445
   1.70000   0.00743
   1.80000   0.00765
   1.90000   0.00539
   2.00000   0.00212
   2.10000   0.00081
   2.20000   0.00395
   2.30000   0.00664
   2.40000   0.00418
   2.50000   0.00156
   2.60000   0.00066
   2.70000   0.00005
   2.80000   0.00000
   2.90000   0.00000
   3.00000   0.00000
