 3-methoxypropanenitrile sigma-profile (sigma [e/nm^2], p(sigma)*At [nm^2])
  -3.00000   0.00000
  -2.90000   0.00000
  -2.80000   0.00000
  -2.70000   0.00000
  -2.60000   0.00000
  -2.50000   0.00000
  -2.40000   0.00000
  -2.30000   0.00000
  -2.20000   0.00000
  -2.10000   0.00000
  -2.00000   0.00000
  -1.90000   0.00000
  -1.80000   0.00000
  -1.70000   0.00000
  -1.60000   0.00000
  -1.50000   0.00000
  -1.40000   0.00000
  -1.30000   0.00000
  -1.20000   0.00088
  -1.10000   0.01176
  -1.00000   0.03178
  -0.90000   0.03995
  -0.80000   0.04373
  -0.70000   0.07494
  -0.60000   0.12092
  -0.50000   0.13439
  -0.40000   0.10692
  -0.30000   0.08096
  -0.20000   0.08439
  -0.10000   0.08179
   0.00000   0.05329
   0.10000   0.03358
   0.20000   0.02887
   0.30000   0.02521
   0.40000   0.02454
   0.50000   0.02399
   0.60000   0.02563
   0.70000   0.03443
   0.80000   0.04294
   0.90000   0.04833
   1.00000   0.04692
   1.10000   0.04005
   1.20000   0.03579
   1.30000   0.03322
   1.40000   0.02791
   1.50000   0.01533
   1.60000   0.00360
   1.70000   0.00015
   1.80000   0.00000
   1.90000   0.00000
   2.00000   0.00000
   2.10000   0.00000
   2.20000   0.00000
   2.30000   0.00000
   2.40000   0.00000
   2.50000   0.00000
   2.60000   0.00000
   2.70000   0.00000
   2.80000   0.00000
   2.90000   0.00000
   3.00000   0.00000
