 n-propylformate sigma-profile (sigma [e/nm^2], p(sigma)*At [nm^2])
  -3.00000   0.00000
  -2.90000   0.00000
  -2.80000   0.00000
  -2.70000   0.00000
  -2.60000   0.00000
  -2.50000   0.00000
  -2.40000   0.00000
  -2.30000   0.00000
  -2.20000   0.00000
  -2.10000   0.00000
  -2.00000   0.00000
  -1.90000   0.00000
  -1.80000   0.00000
  -1.70000   0.00000
  -1.60000   0.00000
  -1.50000   0.00000
  -1.40000   0.00000
  -1.30000   0.00000
  -1.20000   0.00002
  -1.10000   0.00564
  -1.00000   0.01639
  -0.90000   0.02158
  -0.80000   0.02741
  -0.70000   0.04015
  -0.60000   0.06600
  -0.50000   0.11288
  -0.40000   0.14179
  -0.30000   0.13144
  -0.20000   0.11238
  -0.10000   0.09767
   0.00000   0.09000
   0.10000   0.08720
   0.20000   0.07052
   0.30000   0.04126
   0.40000   0.02541
   0.50000   0.02243
   0.60000   0.01760
   0.70000   0.01380
   0.80000   0.01802
   0.90000   0.02631
   1.00000   0.02987
   1.10000   0.03453
   1.20000   0.03786
   1.30000   0.03074
   1.40000   0.01977
   1.50000   0.01035
   1.60000   0.00308
   1.70000   0.00015
   1.80000   0.00000
   1.90000   0.00000
   2.00000   0.00000
   2.10000   0.00000
   2.20000   0.00000
   2.30000   0.00000
   2.40000   0.00000
   2.50000   0.00000
   2.60000   0.00000
   2.70000   0.00000
   2.80000   0.00000
   2.90000   0.00000
   3.00000   0.00000
