 4-nitro-n-(4-nitrophenyl)-n-phenylbenzeneamine sigma-profile (sigma [e/nm^2], p(sigma)*At [nm^2])
  -3.00000   0.00000
  -2.90000   0.00000
  -2.80000   0.00000
  -2.70000   0.00000
  -2.60000   0.00000
  -2.50000   0.00000
  -2.40000   0.00000
  -2.30000   0.00000
  -2.20000   0.00000
  -2.10000   0.00000
  -2.00000   0.00000
  -1.90000   0.00000
  -1.80000   0.00000
  -1.70000   0.00000
  -1.60000   0.00000
  -1.50000   0.00000
  -1.40000   0.00000
  -1.30000   0.00000
  -1.20000   0.00132
  -1.10000   0.01768
  -1.00000   0.06056
  -0.90000   0.10969
  -0.80000   0.14400
  -0.70000   0.16395
  -0.60000   0.16960
  -0.50000   0.16855
  -0.40000   0.18239
  -0.30000   0.20020
  -0.20000   0.21231
  -0.10000   0.25217
   0.00000   0.28760
   0.10000   0.25781
   0.20000   0.18920
   0.30000   0.14026
   0.40000   0.10769
   0.50000   0.06436
   0.60000   0.05204
   0.70000   0.09554
   0.80000   0.14110
   0.90000   0.13042
   1.00000   0.07745
   1.10000   0.04375
   1.20000   0.03841
   1.30000   0.03880
   1.40000   0.03086
   1.50000   0.01308
   1.60000   0.00172
   1.70000   0.00000
   1.80000   0.00000
   1.90000   0.00000
   2.00000   0.00000
   2.10000   0.00000
   2.20000   0.00000
   2.30000   0.00000
   2.40000   0.00000
   2.50000   0.00000
   2.60000   0.00000
   2.70000   0.00000
   2.80000   0.00000
   2.90000   0.00000
   3.00000   0.00000
