 2-(2-aminoethyl)aminoethanol sigma-profile (sigma [e/nm^2], p(sigma)*At [nm^2])
  -3.00000   0.00000
  -2.90000   0.00000
  -2.80000   0.00000
  -2.70000   0.00000
  -2.60000   0.00000
  -2.50000   0.00000
  -2.40000   0.00000
  -2.30000   0.00000
  -2.20000   0.00000
  -2.10000   0.00000
  -2.00000   0.00000
  -1.90000   0.00000
  -1.80000   0.00000
  -1.70000   0.00000
  -1.60000   0.00000
  -1.50000   0.00005
  -1.40000   0.00489
  -1.30000   0.01684
  -1.20000   0.02731
  -1.10000   0.02942
  -1.00000   0.02781
  -0.90000   0.02660
  -0.80000   0.02553
  -0.70000   0.03357
  -0.60000   0.06525
  -0.50000   0.11339
  -0.40000   0.13895
  -0.30000   0.13461
  -0.20000   0.13108
  -0.10000   0.12076
   0.00000   0.09524
   0.10000   0.07352
   0.20000   0.05528
   0.30000   0.03787
   0.40000   0.02560
   0.50000   0.02039
   0.60000   0.01955
   0.70000   0.01660
   0.80000   0.01333
   0.90000   0.01264
   1.00000   0.01245
   1.10000   0.01166
   1.20000   0.01130
   1.30000   0.01281
   1.40000   0.01737
   1.50000   0.01884
   1.60000   0.01543
   1.70000   0.01628
   1.80000   0.02201
   1.90000   0.02436
   2.00000   0.01800
   2.10000   0.00865
   2.20000   0.00458
   2.30000   0.00362
   2.40000   0.00183
   2.50000   0.00033
   2.60000   0.00000
   2.70000   0.00000
   2.80000   0.00000
   2.90000   0.00000
   3.00000   0.00000
