 octadecanoicacidethylester sigma-profile (sigma [e/nm^2], p(sigma)*At [nm^2])
  -3.00000   0.00000
  -2.90000   0.00000
  -2.80000   0.00000
  -2.70000   0.00000
  -2.60000   0.00000
  -2.50000   0.00000
  -2.40000   0.00000
  -2.30000   0.00000
  -2.20000   0.00000
  -2.10000   0.00000
  -2.00000   0.00000
  -1.90000   0.00000
  -1.80000   0.00000
  -1.70000   0.00000
  -1.60000   0.00000
  -1.50000   0.00000
  -1.40000   0.00000
  -1.30000   0.00000
  -1.20000   0.00000
  -1.10000   0.00000
  -1.00000   0.00000
  -0.90000   0.00019
  -0.80000   0.01161
  -0.70000   0.04781
  -0.60000   0.09080
  -0.50000   0.14383
  -0.40000   0.30047
  -0.30000   0.49882
  -0.20000   0.57603
  -0.10000   0.58062
   0.00000   0.57272
   0.10000   0.51044
   0.20000   0.40499
   0.30000   0.31252
   0.40000   0.19542
   0.50000   0.06732
   0.60000   0.01974
   0.70000   0.02019
   0.80000   0.01947
   0.90000   0.02030
   1.00000   0.02128
   1.10000   0.02355
   1.20000   0.03249
   1.30000   0.03645
   1.40000   0.02773
   1.50000   0.01712
   1.60000   0.00838
   1.70000   0.00202
   1.80000   0.00004
   1.90000   0.00000
   2.00000   0.00000
   2.10000   0.00000
   2.20000   0.00000
   2.30000   0.00000
   2.40000   0.00000
   2.50000   0.00000
   2.60000   0.00000
   2.70000   0.00000
   2.80000   0.00000
   2.90000   0.00000
   3.00000   0.00000
