 di-(2-chloroethoxy)methane sigma-profile (sigma [e/nm^2], p(sigma)*At [nm^2])
  -3.00000   0.00000
  -2.90000   0.00000
  -2.80000   0.00000
  -2.70000   0.00000
  -2.60000   0.00000
  -2.50000   0.00000
  -2.40000   0.00000
  -2.30000   0.00000
  -2.20000   0.00000
  -2.10000   0.00000
  -2.00000   0.00000
  -1.90000   0.00000
  -1.80000   0.00000
  -1.70000   0.00000
  -1.60000   0.00000
  -1.50000   0.00000
  -1.40000   0.00000
  -1.30000   0.00000
  -1.20000   0.00000
  -1.10000   0.00105
  -1.00000   0.01880
  -0.90000   0.05915
  -0.80000   0.11421
  -0.70000   0.16436
  -0.60000   0.17203
  -0.50000   0.14161
  -0.40000   0.11815
  -0.30000   0.11079
  -0.20000   0.09203
  -0.10000   0.07154
   0.00000   0.06836
   0.10000   0.06707
   0.20000   0.05770
   0.30000   0.06324
   0.40000   0.07768
   0.50000   0.07810
   0.60000   0.10641
   0.70000   0.14641
   0.80000   0.11697
   0.90000   0.05253
   1.00000   0.02480
   1.10000   0.02003
   1.20000   0.01772
   1.30000   0.02118
   1.40000   0.02109
   1.50000   0.01105
   1.60000   0.00215
   1.70000   0.00000
   1.80000   0.00000
   1.90000   0.00000
   2.00000   0.00000
   2.10000   0.00000
   2.20000   0.00000
   2.30000   0.00000
   2.40000   0.00000
   2.50000   0.00000
   2.60000   0.00000
   2.70000   0.00000
   2.80000   0.00000
   2.90000   0.00000
   3.00000   0.00000
