 glutaraldehyde sigma-profile (sigma [e/nm^2], p(sigma)*At [nm^2])
  -3.00000   0.00000
  -2.90000   0.00000
  -2.80000   0.00000
  -2.70000   0.00000
  -2.60000   0.00000
  -2.50000   0.00000
  -2.40000   0.00000
  -2.30000   0.00000
  -2.20000   0.00000
  -2.10000   0.00000
  -2.00000   0.00000
  -1.90000   0.00000
  -1.80000   0.00000
  -1.70000   0.00000
  -1.60000   0.00000
  -1.50000   0.00000
  -1.40000   0.00000
  -1.30000   0.00000
  -1.20000   0.00000
  -1.10000   0.00000
  -1.00000   0.00000
  -0.90000   0.01423
  -0.80000   0.06766
  -0.70000   0.13995
  -0.60000   0.18033
  -0.50000   0.17191
  -0.40000   0.13697
  -0.30000   0.10732
  -0.20000   0.07973
  -0.10000   0.04783
   0.00000   0.02736
   0.10000   0.02314
   0.20000   0.02539
   0.30000   0.02170
   0.40000   0.01795
   0.50000   0.02227
   0.60000   0.02435
   0.70000   0.02200
   0.80000   0.02552
   0.90000   0.03301
   1.00000   0.04058
   1.10000   0.05133
   1.20000   0.05557
   1.30000   0.04683
   1.40000   0.03897
   1.50000   0.03103
   1.60000   0.01497
   1.70000   0.00279
   1.80000   0.00000
   1.90000   0.00000
   2.00000   0.00000
   2.10000   0.00000
   2.20000   0.00000
   2.30000   0.00000
   2.40000   0.00000
   2.50000   0.00000
   2.60000   0.00000
   2.70000   0.00000
   2.80000   0.00000
   2.90000   0.00000
   3.00000   0.00000
