 2-ethoxyethanolacetate sigma-profile (sigma [e/nm^2], p(sigma)*At [nm^2])
  -3.00000   0.00000
  -2.90000   0.00000
  -2.80000   0.00000
  -2.70000   0.00000
  -2.60000   0.00000
  -2.50000   0.00000
  -2.40000   0.00000
  -2.30000   0.00000
  -2.20000   0.00000
  -2.10000   0.00000
  -2.00000   0.00000
  -1.90000   0.00000
  -1.80000   0.00000
  -1.70000   0.00000
  -1.60000   0.00000
  -1.50000   0.00000
  -1.40000   0.00000
  -1.30000   0.00000
  -1.20000   0.00000
  -1.10000   0.00000
  -1.00000   0.00027
  -0.90000   0.01172
  -0.80000   0.04542
  -0.70000   0.08608
  -0.60000   0.13074
  -0.50000   0.18409
  -0.40000   0.19869
  -0.30000   0.17451
  -0.20000   0.16735
  -0.10000   0.16004
   0.00000   0.12685
   0.10000   0.09268
   0.20000   0.06584
   0.30000   0.04060
   0.40000   0.02933
   0.50000   0.02778
   0.60000   0.02340
   0.70000   0.02089
   0.80000   0.02294
   0.90000   0.02715
   1.00000   0.02917
   1.10000   0.03453
   1.20000   0.04706
   1.30000   0.04839
   1.40000   0.03684
   1.50000   0.02866
   1.60000   0.01984
   1.70000   0.00760
   1.80000   0.00096
   1.90000   0.00000
   2.00000   0.00000
   2.10000   0.00000
   2.20000   0.00000
   2.30000   0.00000
   2.40000   0.00000
   2.50000   0.00000
   2.60000   0.00000
   2.70000   0.00000
   2.80000   0.00000
   2.90000   0.00000
   3.00000   0.00000
