 2-(2-methoxyethoxy)ethanol sigma-profile (sigma [e/nm^2], p(sigma)*At [nm^2])
  -3.00000   0.00000
  -2.90000   0.00000
  -2.80000   0.00000
  -2.70000   0.00000
  -2.60000   0.00000
  -2.50000   0.00000
  -2.40000   0.00000
  -2.30000   0.00000
  -2.20000   0.00000
  -2.10000   0.00000
  -2.00000   0.00000
  -1.90000   0.00000
  -1.80000   0.00009
  -1.70000   0.00121
  -1.60000   0.00418
  -1.50000   0.00680
  -1.40000   0.00641
  -1.30000   0.00613
  -1.20000   0.00657
  -1.10000   0.00459
  -1.00000   0.00318
  -0.90000   0.00387
  -0.80000   0.00943
  -0.70000   0.04065
  -0.60000   0.12094
  -0.50000   0.20208
  -0.40000   0.21820
  -0.30000   0.18727
  -0.20000   0.15980
  -0.10000   0.14219
   0.00000   0.10206
   0.10000   0.05429
   0.20000   0.03404
   0.30000   0.03295
   0.40000   0.03256
   0.50000   0.02779
   0.60000   0.02309
   0.70000   0.02165
   0.80000   0.02001
   0.90000   0.02054
   1.00000   0.02342
   1.10000   0.02395
   1.20000   0.02409
   1.30000   0.02623
   1.40000   0.03202
   1.50000   0.03801
   1.60000   0.03933
   1.70000   0.02776
   1.80000   0.00913
   1.90000   0.00060
   2.00000   0.00000
   2.10000   0.00000
   2.20000   0.00000
   2.30000   0.00000
   2.40000   0.00000
   2.50000   0.00000
   2.60000   0.00000
   2.70000   0.00000
   2.80000   0.00000
   2.90000   0.00000
   3.00000   0.00000
