 hexahydro-1h-azepine sigma-profile (sigma [e/nm^2], p(sigma)*At [nm^2])
  -3.00000   0.00000
  -2.90000   0.00000
  -2.80000   0.00000
  -2.70000   0.00000
  -2.60000   0.00000
  -2.50000   0.00000
  -2.40000   0.00000
  -2.30000   0.00000
  -2.20000   0.00000
  -2.10000   0.00000
  -2.00000   0.00000
  -1.90000   0.00000
  -1.80000   0.00000
  -1.70000   0.00000
  -1.60000   0.00000
  -1.50000   0.00000
  -1.40000   0.00000
  -1.30000   0.00077
  -1.20000   0.00534
  -1.10000   0.01154
  -1.00000   0.01195
  -0.90000   0.00935
  -0.80000   0.00885
  -0.70000   0.00797
  -0.60000   0.01360
  -0.50000   0.04225
  -0.40000   0.09513
  -0.30000   0.14813
  -0.20000   0.17891
  -0.10000   0.18843
   0.00000   0.18992
   0.10000   0.18394
   0.20000   0.15095
   0.30000   0.09060
   0.40000   0.03585
   0.50000   0.00987
   0.60000   0.00543
   0.70000   0.00593
   0.80000   0.00487
   0.90000   0.00600
   1.00000   0.00801
   1.10000   0.00556
   1.20000   0.00219
   1.30000   0.00227
   1.40000   0.00423
   1.50000   0.00472
   1.60000   0.00425
   1.70000   0.00445
   1.80000   0.00419
   1.90000   0.00471
   2.00000   0.00543
   2.10000   0.00379
   2.20000   0.00206
   2.30000   0.00289
   2.40000   0.00378
   2.50000   0.00191
   2.60000   0.00015
   2.70000   0.00000
   2.80000   0.00000
   2.90000   0.00000
   3.00000   0.00000
