 ethyl-oleate sigma-profile (sigma [e/nm^2], p(sigma)*At [nm^2])
  -3.00000   0.00000
  -2.90000   0.00000
  -2.80000   0.00000
  -2.70000   0.00000
  -2.60000   0.00000
  -2.50000   0.00000
  -2.40000   0.00000
  -2.30000   0.00000
  -2.20000   0.00000
  -2.10000   0.00000
  -2.00000   0.00000
  -1.90000   0.00000
  -1.80000   0.00000
  -1.70000   0.00000
  -1.60000   0.00000
  -1.50000   0.00000
  -1.40000   0.00000
  -1.30000   0.00000
  -1.20000   0.00000
  -1.10000   0.00000
  -1.00000   0.00000
  -0.90000   0.00029
  -0.80000   0.01186
  -0.70000   0.04866
  -0.60000   0.09980
  -0.50000   0.18655
  -0.40000   0.35848
  -0.30000   0.51567
  -0.20000   0.54917
  -0.10000   0.53485
   0.00000   0.51065
   0.10000   0.44547
   0.20000   0.37912
   0.30000   0.30049
   0.40000   0.16810
   0.50000   0.06866
   0.60000   0.04920
   0.70000   0.04687
   0.80000   0.03853
   0.90000   0.03257
   1.00000   0.02716
   1.10000   0.02606
   1.20000   0.03336
   1.30000   0.03662
   1.40000   0.02780
   1.50000   0.01661
   1.60000   0.00817
   1.70000   0.00203
   1.80000   0.00000
   1.90000   0.00000
   2.00000   0.00000
   2.10000   0.00000
   2.20000   0.00000
   2.30000   0.00000
   2.40000   0.00000
   2.50000   0.00000
   2.60000   0.00000
   2.70000   0.00000
   2.80000   0.00000
   2.90000   0.00000
   3.00000   0.00000
