 dibutylamine sigma-profile (sigma [e/nm^2], p(sigma)*At [nm^2])
  -3.00000   0.00000
  -2.90000   0.00000
  -2.80000   0.00000
  -2.70000   0.00000
  -2.60000   0.00000
  -2.50000   0.00000
  -2.40000   0.00000
  -2.30000   0.00000
  -2.20000   0.00000
  -2.10000   0.00000
  -2.00000   0.00000
  -1.90000   0.00000
  -1.80000   0.00000
  -1.70000   0.00000
  -1.60000   0.00000
  -1.50000   0.00000
  -1.40000   0.00000
  -1.30000   0.00012
  -1.20000   0.00303
  -1.10000   0.00810
  -1.00000   0.00990
  -0.90000   0.00847
  -0.80000   0.00837
  -0.70000   0.00964
  -0.60000   0.01118
  -0.50000   0.05748
  -0.40000   0.16542
  -0.30000   0.24269
  -0.20000   0.26307
  -0.10000   0.26924
   0.00000   0.25486
   0.10000   0.23985
   0.20000   0.23524
   0.30000   0.17942
   0.40000   0.07809
   0.50000   0.01950
   0.60000   0.00873
   0.70000   0.00676
   0.80000   0.00599
   0.90000   0.00479
   1.00000   0.00361
   1.10000   0.00290
   1.20000   0.00433
   1.30000   0.00587
   1.40000   0.00483
   1.50000   0.00353
   1.60000   0.00418
   1.70000   0.00616
   1.80000   0.00593
   1.90000   0.00380
   2.00000   0.00273
   2.10000   0.00207
   2.20000   0.00332
   2.30000   0.00545
   2.40000   0.00438
   2.50000   0.00176
   2.60000   0.00045
   2.70000   0.00008
   2.80000   0.00000
   2.90000   0.00000
   3.00000   0.00000
