 di-n-propylether sigma-profile (sigma [e/nm^2], p(sigma)*At [nm^2])
  -3.00000   0.00000
  -2.90000   0.00000
  -2.80000   0.00000
  -2.70000   0.00000
  -2.60000   0.00000
  -2.50000   0.00000
  -2.40000   0.00000
  -2.30000   0.00000
  -2.20000   0.00000
  -2.10000   0.00000
  -2.00000   0.00000
  -1.90000   0.00000
  -1.80000   0.00000
  -1.70000   0.00000
  -1.60000   0.00000
  -1.50000   0.00000
  -1.40000   0.00000
  -1.30000   0.00000
  -1.20000   0.00000
  -1.10000   0.00000
  -1.00000   0.00000
  -0.90000   0.00000
  -0.80000   0.00000
  -0.70000   0.00000
  -0.60000   0.01350
  -0.50000   0.08454
  -0.40000   0.18457
  -0.30000   0.21789
  -0.20000   0.20450
  -0.10000   0.19920
   0.00000   0.19971
   0.10000   0.19576
   0.20000   0.16148
   0.30000   0.09310
   0.40000   0.03283
   0.50000   0.01290
   0.60000   0.01327
   0.70000   0.01177
   0.80000   0.00790
   0.90000   0.00499
   1.00000   0.00612
   1.10000   0.00934
   1.20000   0.01141
   1.30000   0.01023
   1.40000   0.00872
   1.50000   0.00934
   1.60000   0.01204
   1.70000   0.01236
   1.80000   0.00657
   1.90000   0.00120
   2.00000   0.00000
   2.10000   0.00000
   2.20000   0.00000
   2.30000   0.00000
   2.40000   0.00000
   2.50000   0.00000
   2.60000   0.00000
   2.70000   0.00000
   2.80000   0.00000
   2.90000   0.00000
   3.00000   0.00000
