 1-hexanol sigma-profile (sigma [e/nm^2], p(sigma)*At [nm^2])
  -3.00000   0.00000
  -2.90000   0.00000
  -2.80000   0.00000
  -2.70000   0.00000
  -2.60000   0.00000
  -2.50000   0.00000
  -2.40000   0.00000
  -2.30000   0.00000
  -2.20000   0.00000
  -2.10000   0.00000
  -2.00000   0.00000
  -1.90000   0.00000
  -1.80000   0.00175
  -1.70000   0.00643
  -1.60000   0.01034
  -1.50000   0.00983
  -1.40000   0.00729
  -1.30000   0.00729
  -1.20000   0.00809
  -1.10000   0.00665
  -1.00000   0.00560
  -0.90000   0.00561
  -0.80000   0.00507
  -0.70000   0.00662
  -0.60000   0.01777
  -0.50000   0.06107
  -0.40000   0.13532
  -0.30000   0.18422
  -0.20000   0.18986
  -0.10000   0.18943
   0.00000   0.18256
   0.10000   0.16150
   0.20000   0.14752
   0.30000   0.11772
   0.40000   0.05719
   0.50000   0.01714
   0.60000   0.01134
   0.70000   0.01067
   0.80000   0.00833
   0.90000   0.00736
   1.00000   0.00606
   1.10000   0.00794
   1.20000   0.01353
   1.30000   0.01477
   1.40000   0.01250
   1.50000   0.01519
   1.60000   0.01977
   1.70000   0.01691
   1.80000   0.00819
   1.90000   0.00173
   2.00000   0.00000
   2.10000   0.00000
   2.20000   0.00000
   2.30000   0.00000
   2.40000   0.00000
   2.50000   0.00000
   2.60000   0.00000
   2.70000   0.00000
   2.80000   0.00000
   2.90000   0.00000
   3.00000   0.00000
