 hexanedinitrile sigma-profile (sigma [e/nm^2], p(sigma)*At [nm^2])
  -3.00000   0.00000
  -2.90000   0.00000
  -2.80000   0.00000
  -2.70000   0.00000
  -2.60000   0.00000
  -2.50000   0.00000
  -2.40000   0.00000
  -2.30000   0.00000
  -2.20000   0.00000
  -2.10000   0.00000
  -2.00000   0.00000
  -1.90000   0.00000
  -1.80000   0.00000
  -1.70000   0.00000
  -1.60000   0.00000
  -1.50000   0.00000
  -1.40000   0.00000
  -1.30000   0.00000
  -1.20000   0.00000
  -1.10000   0.00888
  -1.00000   0.04302
  -0.90000   0.07665
  -0.80000   0.09268
  -0.70000   0.12780
  -0.60000   0.16460
  -0.50000   0.16466
  -0.40000   0.12216
  -0.30000   0.06946
  -0.20000   0.06393
  -0.10000   0.06671
   0.00000   0.03614
   0.10000   0.02348
   0.20000   0.03427
   0.30000   0.03331
   0.40000   0.03135
   0.50000   0.03094
   0.60000   0.02934
   0.70000   0.04388
   0.80000   0.06354
   0.90000   0.07307
   1.00000   0.07097
   1.10000   0.06329
   1.20000   0.05537
   1.30000   0.04534
   1.40000   0.03354
   1.50000   0.01680
   1.60000   0.00336
   1.70000   0.00000
   1.80000   0.00000
   1.90000   0.00000
   2.00000   0.00000
   2.10000   0.00000
   2.20000   0.00000
   2.30000   0.00000
   2.40000   0.00000
   2.50000   0.00000
   2.60000   0.00000
   2.70000   0.00000
   2.80000   0.00000
   2.90000   0.00000
   3.00000   0.00000
