 methyloctanoate sigma-profile (sigma [e/nm^2], p(sigma)*At [nm^2])
  -3.00000   0.00000
  -2.90000   0.00000
  -2.80000   0.00000
  -2.70000   0.00000
  -2.60000   0.00000
  -2.50000   0.00000
  -2.40000   0.00000
  -2.30000   0.00000
  -2.20000   0.00000
  -2.10000   0.00000
  -2.00000   0.00000
  -1.90000   0.00000
  -1.80000   0.00000
  -1.70000   0.00000
  -1.60000   0.00000
  -1.50000   0.00000
  -1.40000   0.00000
  -1.30000   0.00000
  -1.20000   0.00000
  -1.10000   0.00000
  -1.00000   0.00000
  -0.90000   0.00292
  -0.80000   0.02774
  -0.70000   0.06618
  -0.60000   0.08112
  -0.50000   0.10695
  -0.40000   0.18941
  -0.30000   0.26460
  -0.20000   0.27447
  -0.10000   0.25491
   0.00000   0.22619
   0.10000   0.18949
   0.20000   0.16676
   0.30000   0.13731
   0.40000   0.07844
   0.50000   0.03018
   0.60000   0.01729
   0.70000   0.02058
   0.80000   0.02303
   0.90000   0.02133
   1.00000   0.02098
   1.10000   0.02606
   1.20000   0.03353
   1.30000   0.03384
   1.40000   0.02530
   1.50000   0.01558
   1.60000   0.00709
   1.70000   0.00144
   1.80000   0.00000
   1.90000   0.00000
   2.00000   0.00000
   2.10000   0.00000
   2.20000   0.00000
   2.30000   0.00000
   2.40000   0.00000
   2.50000   0.00000
   2.60000   0.00000
   2.70000   0.00000
   2.80000   0.00000
   2.90000   0.00000
   3.00000   0.00000
