 1-heptanamine sigma-profile (sigma [e/nm^2], p(sigma)*At [nm^2])
  -3.00000   0.00000
  -2.90000   0.00000
  -2.80000   0.00000
  -2.70000   0.00000
  -2.60000   0.00000
  -2.50000   0.00000
  -2.40000   0.00000
  -2.30000   0.00000
  -2.20000   0.00000
  -2.10000   0.00000
  -2.00000   0.00000
  -1.90000   0.00000
  -1.80000   0.00000
  -1.70000   0.00000
  -1.60000   0.00000
  -1.50000   0.00000
  -1.40000   0.00000
  -1.30000   0.00057
  -1.20000   0.00677
  -1.10000   0.01746
  -1.00000   0.02298
  -0.90000   0.02135
  -0.80000   0.01654
  -0.70000   0.01519
  -0.60000   0.01920
  -0.50000   0.04884
  -0.40000   0.13369
  -0.30000   0.21413
  -0.20000   0.23174
  -0.10000   0.22728
   0.00000   0.21780
   0.10000   0.19575
   0.20000   0.17833
   0.30000   0.15025
   0.40000   0.08544
   0.50000   0.02512
   0.60000   0.00698
   0.70000   0.00697
   0.80000   0.00643
   0.90000   0.00520
   1.00000   0.00455
   1.10000   0.00576
   1.20000   0.00692
   1.30000   0.00680
   1.40000   0.00608
   1.50000   0.00503
   1.60000   0.00455
   1.70000   0.00470
   1.80000   0.00564
   1.90000   0.00740
   2.00000   0.00702
   2.10000   0.00459
   2.20000   0.00445
   2.30000   0.00602
   2.40000   0.00521
   2.50000   0.00246
   2.60000   0.00054
   2.70000   0.00000
   2.80000   0.00000
   2.90000   0.00000
   3.00000   0.00000
