 1-hexanethiol sigma-profile (sigma [e/nm^2], p(sigma)*At [nm^2])
  -3.00000   0.00000
  -2.90000   0.00000
  -2.80000   0.00000
  -2.70000   0.00000
  -2.60000   0.00000
  -2.50000   0.00000
  -2.40000   0.00000
  -2.30000   0.00000
  -2.20000   0.00000
  -2.10000   0.00000
  -2.00000   0.00000
  -1.90000   0.00000
  -1.80000   0.00000
  -1.70000   0.00000
  -1.60000   0.00000
  -1.50000   0.00000
  -1.40000   0.00000
  -1.30000   0.00000
  -1.20000   0.00017
  -1.10000   0.00364
  -1.00000   0.01045
  -0.90000   0.01383
  -0.80000   0.01672
  -0.70000   0.02777
  -0.60000   0.04162
  -0.50000   0.07283
  -0.40000   0.13866
  -0.30000   0.19087
  -0.20000   0.20353
  -0.10000   0.20224
   0.00000   0.18246
   0.10000   0.16293
   0.20000   0.16295
   0.30000   0.13313
   0.40000   0.07210
   0.50000   0.03707
   0.60000   0.03057
   0.70000   0.02818
   0.80000   0.02382
   0.90000   0.02180
   1.00000   0.02217
   1.10000   0.02087
   1.20000   0.01727
   1.30000   0.00979
   1.40000   0.00247
   1.50000   0.00000
   1.60000   0.00000
   1.70000   0.00000
   1.80000   0.00000
   1.90000   0.00000
   2.00000   0.00000
   2.10000   0.00000
   2.20000   0.00000
   2.30000   0.00000
   2.40000   0.00000
   2.50000   0.00000
   2.60000   0.00000
   2.70000   0.00000
   2.80000   0.00000
   2.90000   0.00000
   3.00000   0.00000
