 2-octanone sigma-profile (sigma [e/nm^2], p(sigma)*At [nm^2])
  -3.00000   0.00000
  -2.90000   0.00000
  -2.80000   0.00000
  -2.70000   0.00000
  -2.60000   0.00000
  -2.50000   0.00000
  -2.40000   0.00000
  -2.30000   0.00000
  -2.20000   0.00000
  -2.10000   0.00000
  -2.00000   0.00000
  -1.90000   0.00000
  -1.80000   0.00000
  -1.70000   0.00000
  -1.60000   0.00000
  -1.50000   0.00000
  -1.40000   0.00000
  -1.30000   0.00000
  -1.20000   0.00000
  -1.10000   0.00000
  -1.00000   0.00000
  -0.90000   0.00295
  -0.80000   0.02254
  -0.70000   0.05910
  -0.60000   0.08363
  -0.50000   0.10551
  -0.40000   0.15795
  -0.30000   0.20694
  -0.20000   0.22531
  -0.10000   0.23227
   0.00000   0.21373
   0.10000   0.17219
   0.20000   0.14888
   0.30000   0.12196
   0.40000   0.06128
   0.50000   0.01452
   0.60000   0.00752
   0.70000   0.01232
   0.80000   0.01173
   0.90000   0.01068
   1.00000   0.01411
   1.10000   0.01897
   1.20000   0.02473
   1.30000   0.02745
   1.40000   0.02457
   1.50000   0.01984
   1.60000   0.01462
   1.70000   0.00907
   1.80000   0.00371
   1.90000   0.00055
   2.00000   0.00000
   2.10000   0.00000
   2.20000   0.00000
   2.30000   0.00000
   2.40000   0.00000
   2.50000   0.00000
   2.60000   0.00000
   2.70000   0.00000
   2.80000   0.00000
   2.90000   0.00000
   3.00000   0.00000
