 dimethoxydimethylsilane sigma-profile (sigma [e/nm^2], p(sigma)*At [nm^2])
  -3.00000   0.00000
  -2.90000   0.00000
  -2.80000   0.00000
  -2.70000   0.00000
  -2.60000   0.00000
  -2.50000   0.00000
  -2.40000   0.00000
  -2.30000   0.00000
  -2.20000   0.00000
  -2.10000   0.00000
  -2.00000   0.00000
  -1.90000   0.00000
  -1.80000   0.00000
  -1.70000   0.00000
  -1.60000   0.00000
  -1.50000   0.00000
  -1.40000   0.00000
  -1.30000   0.00000
  -1.20000   0.00000
  -1.10000   0.00000
  -1.00000   0.00000
  -0.90000   0.00000
  -0.80000   0.00109
  -0.70000   0.03142
  -0.60000   0.10307
  -0.50000   0.15473
  -0.40000   0.16144
  -0.30000   0.16083
  -0.20000   0.16514
  -0.10000   0.17127
   0.00000   0.16425
   0.10000   0.13369
   0.20000   0.09767
   0.30000   0.07140
   0.40000   0.05107
   0.50000   0.03292
   0.60000   0.02067
   0.70000   0.01288
   0.80000   0.00981
   0.90000   0.01345
   1.00000   0.01956
   1.10000   0.01930
   1.20000   0.01605
   1.30000   0.01688
   1.40000   0.01753
   1.50000   0.02187
   1.60000   0.02242
   1.70000   0.00964
   1.80000   0.00049
   1.90000   0.00000
   2.00000   0.00000
   2.10000   0.00000
   2.20000   0.00000
   2.30000   0.00000
   2.40000   0.00000
   2.50000   0.00000
   2.60000   0.00000
   2.70000   0.00000
   2.80000   0.00000
   2.90000   0.00000
   3.00000   0.00000
