 pentanedioicaciddimethylester sigma-profile (sigma [e/nm^2], p(sigma)*At [nm^2])
  -3.00000   0.00000
  -2.90000   0.00000
  -2.80000   0.00000
  -2.70000   0.00000
  -2.60000   0.00000
  -2.50000   0.00000
  -2.40000   0.00000
  -2.30000   0.00000
  -2.20000   0.00000
  -2.10000   0.00000
  -2.00000   0.00000
  -1.90000   0.00000
  -1.80000   0.00000
  -1.70000   0.00000
  -1.60000   0.00000
  -1.50000   0.00000
  -1.40000   0.00000
  -1.30000   0.00000
  -1.20000   0.00000
  -1.10000   0.00000
  -1.00000   0.00000
  -0.90000   0.01383
  -0.80000   0.07644
  -0.70000   0.15431
  -0.60000   0.18436
  -0.50000   0.18995
  -0.40000   0.19717
  -0.30000   0.20116
  -0.20000   0.18209
  -0.10000   0.12883
   0.00000   0.07693
   0.10000   0.05251
   0.20000   0.04478
   0.30000   0.03899
   0.40000   0.03454
   0.50000   0.03370
   0.60000   0.03788
   0.70000   0.04433
   0.80000   0.04263
   0.90000   0.03920
   1.00000   0.04268
   1.10000   0.05295
   1.20000   0.06852
   1.30000   0.06966
   1.40000   0.04929
   1.50000   0.02546
   1.60000   0.00846
   1.70000   0.00093
   1.80000   0.00000
   1.90000   0.00000
   2.00000   0.00000
   2.10000   0.00000
   2.20000   0.00000
   2.30000   0.00000
   2.40000   0.00000
   2.50000   0.00000
   2.60000   0.00000
   2.70000   0.00000
   2.80000   0.00000
   2.90000   0.00000
   3.00000   0.00000
