 undecanoicacid sigma-profile (sigma [e/nm^2], p(sigma)*At [nm^2])
  -3.00000   0.00000
  -2.90000   0.00000
  -2.80000   0.00000
  -2.70000   0.00000
  -2.60000   0.00000
  -2.50000   0.00000
  -2.40000   0.00000
  -2.30000   0.00000
  -2.20000   0.00000
  -2.10000   0.00056
  -2.00000   0.00482
  -1.90000   0.01092
  -1.80000   0.01158
  -1.70000   0.01029
  -1.60000   0.00962
  -1.50000   0.00514
  -1.40000   0.00291
  -1.30000   0.00634
  -1.20000   0.00713
  -1.10000   0.00414
  -1.00000   0.00365
  -0.90000   0.00729
  -0.80000   0.01963
  -0.70000   0.03506
  -0.60000   0.04137
  -0.50000   0.07574
  -0.40000   0.17867
  -0.30000   0.28059
  -0.20000   0.31470
  -0.10000   0.31252
   0.00000   0.29323
   0.10000   0.25832
   0.20000   0.22635
   0.30000   0.18981
   0.40000   0.11551
   0.50000   0.03869
   0.60000   0.01607
   0.70000   0.02294
   0.80000   0.02352
   0.90000   0.02311
   1.00000   0.03038
   1.10000   0.03764
   1.20000   0.03735
   1.30000   0.02974
   1.40000   0.02272
   1.50000   0.01591
   1.60000   0.00635
   1.70000   0.00084
   1.80000   0.00000
   1.90000   0.00000
   2.00000   0.00000
   2.10000   0.00000
   2.20000   0.00000
   2.30000   0.00000
   2.40000   0.00000
   2.50000   0.00000
   2.60000   0.00000
   2.70000   0.00000
   2.80000   0.00000
   2.90000   0.00000
   3.00000   0.00000
