 1-decanol sigma-profile (sigma [e/nm^2], p(sigma)*At [nm^2])
  -3.00000   0.00000
  -2.90000   0.00000
  -2.80000   0.00000
  -2.70000   0.00000
  -2.60000   0.00000
  -2.50000   0.00000
  -2.40000   0.00000
  -2.30000   0.00000
  -2.20000   0.00000
  -2.10000   0.00000
  -2.00000   0.00000
  -1.90000   0.00000
  -1.80000   0.00167
  -1.70000   0.00625
  -1.60000   0.01066
  -1.50000   0.01003
  -1.40000   0.00658
  -1.30000   0.00728
  -1.20000   0.00885
  -1.10000   0.00680
  -1.00000   0.00516
  -0.90000   0.00468
  -0.80000   0.00481
  -0.70000   0.00795
  -0.60000   0.01947
  -0.50000   0.06334
  -0.40000   0.16850
  -0.30000   0.27125
  -0.20000   0.30050
  -0.10000   0.30741
   0.00000   0.31030
   0.10000   0.27296
   0.20000   0.22520
   0.30000   0.18274
   0.40000   0.10795
   0.50000   0.03471
   0.60000   0.01132
   0.70000   0.01076
   0.80000   0.00858
   0.90000   0.00594
   1.00000   0.00647
   1.10000   0.01017
   1.20000   0.01357
   1.30000   0.01315
   1.40000   0.01215
   1.50000   0.01601
   1.60000   0.01985
   1.70000   0.01641
   1.80000   0.00815
   1.90000   0.00191
   2.00000   0.00000
   2.10000   0.00000
   2.20000   0.00000
   2.30000   0.00000
   2.40000   0.00000
   2.50000   0.00000
   2.60000   0.00000
   2.70000   0.00000
   2.80000   0.00000
   2.90000   0.00000
   3.00000   0.00000
