 1,1'-oxybis-2-ethoxy-ethane sigma-profile (sigma [e/nm^2], p(sigma)*At [nm^2])
  -3.00000   0.00000
  -2.90000   0.00000
  -2.80000   0.00000
  -2.70000   0.00000
  -2.60000   0.00000
  -2.50000   0.00000
  -2.40000   0.00000
  -2.30000   0.00000
  -2.20000   0.00000
  -2.10000   0.00000
  -2.00000   0.00000
  -1.90000   0.00000
  -1.80000   0.00000
  -1.70000   0.00000
  -1.60000   0.00000
  -1.50000   0.00000
  -1.40000   0.00000
  -1.30000   0.00000
  -1.20000   0.00000
  -1.10000   0.00000
  -1.00000   0.00000
  -0.90000   0.00000
  -0.80000   0.00000
  -0.70000   0.01733
  -0.60000   0.10684
  -0.50000   0.24955
  -0.40000   0.32159
  -0.30000   0.29904
  -0.20000   0.26192
  -0.10000   0.23476
   0.00000   0.19318
   0.10000   0.14883
   0.20000   0.10901
   0.30000   0.06025
   0.40000   0.03307
   0.50000   0.03064
   0.60000   0.02444
   0.70000   0.01689
   0.80000   0.01402
   0.90000   0.01587
   1.00000   0.02268
   1.10000   0.02685
   1.20000   0.02242
   1.30000   0.02088
   1.40000   0.02687
   1.50000   0.03217
   1.60000   0.04010
   1.70000   0.03883
   1.80000   0.01825
   1.90000   0.00251
   2.00000   0.00000
   2.10000   0.00000
   2.20000   0.00000
   2.30000   0.00000
   2.40000   0.00000
   2.50000   0.00000
   2.60000   0.00000
   2.70000   0.00000
   2.80000   0.00000
   2.90000   0.00000
   3.00000   0.00000
