 aceticacidoctylester sigma-profile (sigma [e/nm^2], p(sigma)*At [nm^2])
  -3.00000   0.00000
  -2.90000   0.00000
  -2.80000   0.00000
  -2.70000   0.00000
  -2.60000   0.00000
  -2.50000   0.00000
  -2.40000   0.00000
  -2.30000   0.00000
  -2.20000   0.00000
  -2.10000   0.00000
  -2.00000   0.00000
  -1.90000   0.00000
  -1.80000   0.00000
  -1.70000   0.00000
  -1.60000   0.00000
  -1.50000   0.00000
  -1.40000   0.00000
  -1.30000   0.00000
  -1.20000   0.00000
  -1.10000   0.00000
  -1.00000   0.00015
  -0.90000   0.00602
  -0.80000   0.02758
  -0.70000   0.05707
  -0.60000   0.07846
  -0.50000   0.11999
  -0.40000   0.20683
  -0.30000   0.28229
  -0.20000   0.30548
  -0.10000   0.29764
   0.00000   0.26465
   0.10000   0.21832
   0.20000   0.18634
   0.30000   0.14792
   0.40000   0.08144
   0.50000   0.03103
   0.60000   0.01768
   0.70000   0.01623
   0.80000   0.01886
   0.90000   0.02301
   1.00000   0.02213
   1.10000   0.02297
   1.20000   0.03262
   1.30000   0.03800
   1.40000   0.02891
   1.50000   0.01731
   1.60000   0.00942
   1.70000   0.00317
   1.80000   0.00041
   1.90000   0.00000
   2.00000   0.00000
   2.10000   0.00000
   2.20000   0.00000
   2.30000   0.00000
   2.40000   0.00000
   2.50000   0.00000
   2.60000   0.00000
   2.70000   0.00000
   2.80000   0.00000
   2.90000   0.00000
   3.00000   0.00000
