 dodecanal sigma-profile (sigma [e/nm^2], p(sigma)*At [nm^2])
  -3.00000   0.00000
  -2.90000   0.00000
  -2.80000   0.00000
  -2.70000   0.00000
  -2.60000   0.00000
  -2.50000   0.00000
  -2.40000   0.00000
  -2.30000   0.00000
  -2.20000   0.00000
  -2.10000   0.00000
  -2.00000   0.00000
  -1.90000   0.00000
  -1.80000   0.00000
  -1.70000   0.00000
  -1.60000   0.00000
  -1.50000   0.00000
  -1.40000   0.00000
  -1.30000   0.00000
  -1.20000   0.00000
  -1.10000   0.00000
  -1.00000   0.00000
  -0.90000   0.00158
  -0.80000   0.01889
  -0.70000   0.05339
  -0.60000   0.07969
  -0.50000   0.10942
  -0.40000   0.19735
  -0.30000   0.30257
  -0.20000   0.34138
  -0.10000   0.33664
   0.00000   0.31861
   0.10000   0.28343
   0.20000   0.24372
   0.30000   0.19761
   0.40000   0.11653
   0.50000   0.03752
   0.60000   0.01212
   0.70000   0.01158
   0.80000   0.01115
   0.90000   0.01429
   1.00000   0.02127
   1.10000   0.02757
   1.20000   0.02777
   1.30000   0.02350
   1.40000   0.02027
   1.50000   0.01634
   1.60000   0.00959
   1.70000   0.00305
   1.80000   0.00015
   1.90000   0.00000
   2.00000   0.00000
   2.10000   0.00000
   2.20000   0.00000
   2.30000   0.00000
   2.40000   0.00000
   2.50000   0.00000
   2.60000   0.00000
   2.70000   0.00000
   2.80000   0.00000
   2.90000   0.00000
   3.00000   0.00000
