 decanal sigma-profile (sigma [e/nm^2], p(sigma)*At [nm^2])
  -3.00000   0.00000
  -2.90000   0.00000
  -2.80000   0.00000
  -2.70000   0.00000
  -2.60000   0.00000
  -2.50000   0.00000
  -2.40000   0.00000
  -2.30000   0.00000
  -2.20000   0.00000
  -2.10000   0.00000
  -2.00000   0.00000
  -1.90000   0.00000
  -1.80000   0.00000
  -1.70000   0.00000
  -1.60000   0.00000
  -1.50000   0.00000
  -1.40000   0.00000
  -1.30000   0.00000
  -1.20000   0.00000
  -1.10000   0.00000
  -1.00000   0.00000
  -0.90000   0.00147
  -0.80000   0.01835
  -0.70000   0.05371
  -0.60000   0.07979
  -0.50000   0.10613
  -0.40000   0.17922
  -0.30000   0.25998
  -0.20000   0.28600
  -0.10000   0.27939
   0.00000   0.25906
   0.10000   0.22685
   0.20000   0.20210
   0.30000   0.16558
   0.40000   0.09032
   0.50000   0.02771
   0.60000   0.01282
   0.70000   0.01234
   0.80000   0.01067
   0.90000   0.01436
   1.00000   0.02193
   1.10000   0.02666
   1.20000   0.02658
   1.30000   0.02389
   1.40000   0.02102
   1.50000   0.01610
   1.60000   0.00941
   1.70000   0.00329
   1.80000   0.00020
   1.90000   0.00000
   2.00000   0.00000
   2.10000   0.00000
   2.20000   0.00000
   2.30000   0.00000
   2.40000   0.00000
   2.50000   0.00000
   2.60000   0.00000
   2.70000   0.00000
   2.80000   0.00000
   2.90000   0.00000
   3.00000   0.00000
