 n,n'-bis(2-aminoethyl)-1,2-ethanediamine sigma-profile (sigma [e/nm^2], p(sigma)*At [nm^2])
  -3.00000   0.00000
  -2.90000   0.00000
  -2.80000   0.00000
  -2.70000   0.00000
  -2.60000   0.00000
  -2.50000   0.00000
  -2.40000   0.00000
  -2.30000   0.00000
  -2.20000   0.00000
  -2.10000   0.00000
  -2.00000   0.00000
  -1.90000   0.00000
  -1.80000   0.00000
  -1.70000   0.00000
  -1.60000   0.00000
  -1.50000   0.00000
  -1.40000   0.00002
  -1.30000   0.00413
  -1.20000   0.02105
  -1.10000   0.04149
  -1.00000   0.04821
  -0.90000   0.04497
  -0.80000   0.04332
  -0.70000   0.04648
  -0.60000   0.06265
  -0.50000   0.11408
  -0.40000   0.18497
  -0.30000   0.23308
  -0.20000   0.24311
  -0.10000   0.22000
   0.00000   0.18310
   0.10000   0.14257
   0.20000   0.09507
   0.30000   0.05132
   0.40000   0.02777
   0.50000   0.02213
   0.60000   0.02471
   0.70000   0.02609
   0.80000   0.02200
   0.90000   0.01807
   1.00000   0.01755
   1.10000   0.02063
   1.20000   0.02229
   1.30000   0.02243
   1.40000   0.02122
   1.50000   0.01713
   1.60000   0.01719
   1.70000   0.01851
   1.80000   0.01794
   1.90000   0.01697
   2.00000   0.01400
   2.10000   0.01220
   2.20000   0.01249
   2.30000   0.01062
   2.40000   0.00626
   2.50000   0.00257
   2.60000   0.00058
   2.70000   0.00000
   2.80000   0.00000
   2.90000   0.00000
   3.00000   0.00000
