 tetraethylenepentamine sigma-profile (sigma [e/nm^2], p(sigma)*At [nm^2])
  -3.00000   0.00000
  -2.90000   0.00000
  -2.80000   0.00000
  -2.70000   0.00000
  -2.60000   0.00000
  -2.50000   0.00000
  -2.40000   0.00000
  -2.30000   0.00000
  -2.20000   0.00000
  -2.10000   0.00000
  -2.00000   0.00000
  -1.90000   0.00000
  -1.80000   0.00000
  -1.70000   0.00000
  -1.60000   0.00000
  -1.50000   0.00000
  -1.40000   0.00000
  -1.30000   0.00421
  -1.20000   0.02444
  -1.10000   0.05102
  -1.00000   0.06286
  -0.90000   0.06287
  -0.80000   0.05781
  -0.70000   0.05374
  -0.60000   0.08435
  -0.50000   0.16641
  -0.40000   0.25208
  -0.30000   0.29719
  -0.20000   0.29281
  -0.10000   0.25297
   0.00000   0.20905
   0.10000   0.17218
   0.20000   0.12371
   0.30000   0.07113
   0.40000   0.04353
   0.50000   0.03643
   0.60000   0.03562
   0.70000   0.03306
   0.80000   0.02745
   0.90000   0.02440
   1.00000   0.02368
   1.10000   0.02421
   1.20000   0.02169
   1.30000   0.01731
   1.40000   0.01989
   1.50000   0.02526
   1.60000   0.02412
   1.70000   0.01974
   1.80000   0.01814
   1.90000   0.01726
   2.00000   0.01748
   2.10000   0.01815
   2.20000   0.01756
   2.30000   0.01840
   2.40000   0.01555
   2.50000   0.00711
   2.60000   0.00126
   2.70000   0.00000
   2.80000   0.00000
   2.90000   0.00000
   3.00000   0.00000
