 octadecanoicacidmethylester sigma-profile (sigma [e/nm^2], p(sigma)*At [nm^2])
  -3.00000   0.00000
  -2.90000   0.00000
  -2.80000   0.00000
  -2.70000   0.00000
  -2.60000   0.00000
  -2.50000   0.00000
  -2.40000   0.00000
  -2.30000   0.00000
  -2.20000   0.00000
  -2.10000   0.00000
  -2.00000   0.00000
  -1.90000   0.00000
  -1.80000   0.00000
  -1.70000   0.00000
  -1.60000   0.00000
  -1.50000   0.00000
  -1.40000   0.00000
  -1.30000   0.00000
  -1.20000   0.00000
  -1.10000   0.00000
  -1.00000   0.00000
  -0.90000   0.00271
  -0.80000   0.02692
  -0.70000   0.06629
  -0.60000   0.08280
  -0.50000   0.11141
  -0.40000   0.26608
  -0.30000   0.47546
  -0.20000   0.56103
  -0.10000   0.56175
   0.00000   0.54384
   0.10000   0.47084
   0.20000   0.37300
   0.30000   0.30263
   0.40000   0.19397
   0.50000   0.06627
   0.60000   0.02008
   0.70000   0.02108
   0.80000   0.02093
   0.90000   0.01949
   1.00000   0.02092
   1.10000   0.02707
   1.20000   0.03429
   1.30000   0.03543
   1.40000   0.02590
   1.50000   0.01435
   1.60000   0.00658
   1.70000   0.00158
   1.80000   0.00000
   1.90000   0.00000
   2.00000   0.00000
   2.10000   0.00000
   2.20000   0.00000
   2.30000   0.00000
   2.40000   0.00000
   2.50000   0.00000
   2.60000   0.00000
   2.70000   0.00000
   2.80000   0.00000
   2.90000   0.00000
   3.00000   0.00000
