 2,5,8,11-tetraoxadodecane sigma-profile (sigma [e/nm^2], p(sigma)*At [nm^2])
  -3.00000   0.00000
  -2.90000   0.00000
  -2.80000   0.00000
  -2.70000   0.00000
  -2.60000   0.00000
  -2.50000   0.00000
  -2.40000   0.00000
  -2.30000   0.00000
  -2.20000   0.00000
  -2.10000   0.00000
  -2.00000   0.00000
  -1.90000   0.00000
  -1.80000   0.00000
  -1.70000   0.00000
  -1.60000   0.00000
  -1.50000   0.00000
  -1.40000   0.00000
  -1.30000   0.00000
  -1.20000   0.00000
  -1.10000   0.00000
  -1.00000   0.00000
  -0.90000   0.00000
  -0.80000   0.00491
  -0.70000   0.05566
  -0.60000   0.19006
  -0.50000   0.31495
  -0.40000   0.33116
  -0.30000   0.28248
  -0.20000   0.24569
  -0.10000   0.22372
   0.00000   0.16563
   0.10000   0.09065
   0.20000   0.04801
   0.30000   0.03468
   0.40000   0.03294
   0.50000   0.03067
   0.60000   0.02709
   0.70000   0.02383
   0.80000   0.01864
   0.90000   0.01878
   1.00000   0.02811
   1.10000   0.03552
   1.20000   0.03573
   1.30000   0.03197
   1.40000   0.03423
   1.50000   0.04866
   1.60000   0.05986
   1.70000   0.04550
   1.80000   0.01718
   1.90000   0.00221
   2.00000   0.00000
   2.10000   0.00000
   2.20000   0.00000
   2.30000   0.00000
   2.40000   0.00000
   2.50000   0.00000
   2.60000   0.00000
   2.70000   0.00000
   2.80000   0.00000
   2.90000   0.00000
   3.00000   0.00000
