 1-tetradecene sigma-profile (sigma [e/nm^2], p(sigma)*At [nm^2])
  -3.00000   0.00000
  -2.90000   0.00000
  -2.80000   0.00000
  -2.70000   0.00000
  -2.60000   0.00000
  -2.50000   0.00000
  -2.40000   0.00000
  -2.30000   0.00000
  -2.20000   0.00000
  -2.10000   0.00000
  -2.00000   0.00000
  -1.90000   0.00000
  -1.80000   0.00000
  -1.70000   0.00000
  -1.60000   0.00000
  -1.50000   0.00000
  -1.40000   0.00000
  -1.30000   0.00000
  -1.20000   0.00000
  -1.10000   0.00000
  -1.00000   0.00000
  -0.90000   0.00000
  -0.80000   0.00050
  -0.70000   0.00995
  -0.60000   0.03302
  -0.50000   0.07718
  -0.40000   0.19172
  -0.30000   0.33267
  -0.20000   0.39230
  -0.10000   0.40206
   0.00000   0.40815
   0.10000   0.38148
   0.20000   0.32406
   0.30000   0.25943
   0.40000   0.16359
   0.50000   0.06750
   0.60000   0.03240
   0.70000   0.02663
   0.80000   0.02104
   0.90000   0.01694
   1.00000   0.00884
   1.10000   0.00177
   1.20000   0.00000
   1.30000   0.00000
   1.40000   0.00000
   1.50000   0.00000
   1.60000   0.00000
   1.70000   0.00000
   1.80000   0.00000
   1.90000   0.00000
   2.00000   0.00000
   2.10000   0.00000
   2.20000   0.00000
   2.30000   0.00000
   2.40000   0.00000
   2.50000   0.00000
   2.60000   0.00000
   2.70000   0.00000
   2.80000   0.00000
   2.90000   0.00000
   3.00000   0.00000
