 methyl-erucate sigma-profile (sigma [e/nm^2], p(sigma)*At [nm^2])
  -3.00000   0.00000
  -2.90000   0.00000
  -2.80000   0.00000
  -2.70000   0.00000
  -2.60000   0.00000
  -2.50000   0.00000
  -2.40000   0.00000
  -2.30000   0.00000
  -2.20000   0.00000
  -2.10000   0.00000
  -2.00000   0.00000
  -1.90000   0.00000
  -1.80000   0.00000
  -1.70000   0.00000
  -1.60000   0.00000
  -1.50000   0.00000
  -1.40000   0.00000
  -1.30000   0.00000
  -1.20000   0.00000
  -1.10000   0.00000
  -1.00000   0.00000
  -0.90000   0.00291
  -0.80000   0.02717
  -0.70000   0.06627
  -0.60000   0.09543
  -0.50000   0.16736
  -0.40000   0.35814
  -0.30000   0.56356
  -0.20000   0.64024
  -0.10000   0.63675
   0.00000   0.60127
   0.10000   0.51415
   0.20000   0.42642
   0.30000   0.34914
   0.40000   0.21239
   0.50000   0.08186
   0.60000   0.04201
   0.70000   0.04483
   0.80000   0.04240
   0.90000   0.03591
   1.00000   0.03393
   1.10000   0.03188
   1.20000   0.03363
   1.30000   0.03406
   1.40000   0.02551
   1.50000   0.01532
   1.60000   0.00682
   1.70000   0.00136
   1.80000   0.00000
   1.90000   0.00000
   2.00000   0.00000
   2.10000   0.00000
   2.20000   0.00000
   2.30000   0.00000
   2.40000   0.00000
   2.50000   0.00000
   2.60000   0.00000
   2.70000   0.00000
   2.80000   0.00000
   2.90000   0.00000
   3.00000   0.00000
