 3-methylcyclopentene sigma-profile (sigma [e/nm^2], p(sigma)*At [nm^2])
  -3.00000   0.00000
  -2.90000   0.00000
  -2.80000   0.00000
  -2.70000   0.00000
  -2.60000   0.00000
  -2.50000   0.00000
  -2.40000   0.00000
  -2.30000   0.00000
  -2.20000   0.00000
  -2.10000   0.00000
  -2.00000   0.00000
  -1.90000   0.00000
  -1.80000   0.00000
  -1.70000   0.00000
  -1.60000   0.00000
  -1.50000   0.00000
  -1.40000   0.00000
  -1.30000   0.00000
  -1.20000   0.00000
  -1.10000   0.00000
  -1.00000   0.00000
  -0.90000   0.00000
  -0.80000   0.00191
  -0.70000   0.01034
  -0.60000   0.02665
  -0.50000   0.06058
  -0.40000   0.11139
  -0.30000   0.13628
  -0.20000   0.13071
  -0.10000   0.13546
   0.00000   0.15124
   0.10000   0.16475
   0.20000   0.15513
   0.30000   0.10385
   0.40000   0.05012
   0.50000   0.02883
   0.60000   0.02399
   0.70000   0.02148
   0.80000   0.01873
   0.90000   0.01357
   1.00000   0.00736
   1.10000   0.00242
   1.20000   0.00034
   1.30000   0.00000
   1.40000   0.00000
   1.50000   0.00000
   1.60000   0.00000
   1.70000   0.00000
   1.80000   0.00000
   1.90000   0.00000
   2.00000   0.00000
   2.10000   0.00000
   2.20000   0.00000
   2.30000   0.00000
   2.40000   0.00000
   2.50000   0.00000
   2.60000   0.00000
   2.70000   0.00000
   2.80000   0.00000
   2.90000   0.00000
   3.00000   0.00000
