 cyclopentylaceticacid sigma-profile (sigma [e/nm^2], p(sigma)*At [nm^2])
  -3.00000   0.00000
  -2.90000   0.00000
  -2.80000   0.00000
  -2.70000   0.00000
  -2.60000   0.00000
  -2.50000   0.00000
  -2.40000   0.00000
  -2.30000   0.00000
  -2.20000   0.00000
  -2.10000   0.00046
  -2.00000   0.00488
  -1.90000   0.01125
  -1.80000   0.01198
  -1.70000   0.00999
  -1.60000   0.00868
  -1.50000   0.00633
  -1.40000   0.00506
  -1.30000   0.00500
  -1.20000   0.00493
  -1.10000   0.00471
  -1.00000   0.00424
  -0.90000   0.00757
  -0.80000   0.01885
  -0.70000   0.02983
  -0.60000   0.03425
  -0.50000   0.06407
  -0.40000   0.12699
  -0.30000   0.16482
  -0.20000   0.17292
  -0.10000   0.17876
   0.00000   0.16479
   0.10000   0.14035
   0.20000   0.12311
   0.30000   0.09159
   0.40000   0.04626
   0.50000   0.01850
   0.60000   0.01445
   0.70000   0.02020
   0.80000   0.02313
   0.90000   0.02291
   1.00000   0.02727
   1.10000   0.03402
   1.20000   0.03612
   1.30000   0.03118
   1.40000   0.02434
   1.50000   0.01561
   1.60000   0.00529
   1.70000   0.00040
   1.80000   0.00000
   1.90000   0.00000
   2.00000   0.00000
   2.10000   0.00000
   2.20000   0.00000
   2.30000   0.00000
   2.40000   0.00000
   2.50000   0.00000
   2.60000   0.00000
   2.70000   0.00000
   2.80000   0.00000
   2.90000   0.00000
   3.00000   0.00000
