 dimethylether sigma-profile (sigma [e/nm^2], p(sigma)*At [nm^2])
  -3.00000   0.00000
  -2.90000   0.00000
  -2.80000   0.00000
  -2.70000   0.00000
  -2.60000   0.00000
  -2.50000   0.00000
  -2.40000   0.00000
  -2.30000   0.00000
  -2.20000   0.00000
  -2.10000   0.00000
  -2.00000   0.00000
  -1.90000   0.00000
  -1.80000   0.00000
  -1.70000   0.00000
  -1.60000   0.00000
  -1.50000   0.00000
  -1.40000   0.00000
  -1.30000   0.00000
  -1.20000   0.00000
  -1.10000   0.00000
  -1.00000   0.00000
  -0.90000   0.00000
  -0.80000   0.00135
  -0.70000   0.01180
  -0.60000   0.04287
  -0.50000   0.08434
  -0.40000   0.10439
  -0.30000   0.09735
  -0.20000   0.09668
  -0.10000   0.10801
   0.00000   0.09745
   0.10000   0.06384
   0.20000   0.03054
   0.30000   0.01083
   0.40000   0.00958
   0.50000   0.01660
   0.60000   0.01536
   0.70000   0.00745
   0.80000   0.00534
   0.90000   0.00753
   1.00000   0.00970
   1.10000   0.01088
   1.20000   0.00990
   1.30000   0.01003
   1.40000   0.01308
   1.50000   0.01665
   1.60000   0.01457
   1.70000   0.00619
   1.80000   0.00070
   1.90000   0.00000
   2.00000   0.00000
   2.10000   0.00000
   2.20000   0.00000
   2.30000   0.00000
   2.40000   0.00000
   2.50000   0.00000
   2.60000   0.00000
   2.70000   0.00000
   2.80000   0.00000
   2.90000   0.00000
   3.00000   0.00000
