 2-methyl-3-hydroxypyrone sigma-profile (sigma [e/nm^2], p(sigma)*At [nm^2])
  -3.00000   0.00000
  -2.90000   0.00000
  -2.80000   0.00000
  -2.70000   0.00000
  -2.60000   0.00000
  -2.50000   0.00000
  -2.40000   0.00000
  -2.30000   0.00000
  -2.20000   0.00000
  -2.10000   0.00000
  -2.00000   0.00000
  -1.90000   0.00000
  -1.80000   0.00000
  -1.70000   0.00110
  -1.60000   0.00387
  -1.50000   0.00557
  -1.40000   0.00501
  -1.30000   0.00541
  -1.20000   0.01179
  -1.10000   0.02180
  -1.00000   0.02821
  -0.90000   0.03496
  -0.80000   0.05252
  -0.70000   0.07040
  -0.60000   0.07277
  -0.50000   0.06765
  -0.40000   0.06955
  -0.30000   0.10102
  -0.20000   0.14627
  -0.10000   0.15141
   0.00000   0.11825
   0.10000   0.08203
   0.20000   0.05745
   0.30000   0.04126
   0.40000   0.03102
   0.50000   0.03015
   0.60000   0.03078
   0.70000   0.02589
   0.80000   0.01965
   0.90000   0.01968
   1.00000   0.02641
   1.10000   0.02863
   1.20000   0.02491
   1.30000   0.02941
   1.40000   0.03445
   1.50000   0.02446
   1.60000   0.01460
   1.70000   0.01130
   1.80000   0.00640
   1.90000   0.00217
   2.00000   0.00040
   2.10000   0.00000
   2.20000   0.00000
   2.30000   0.00000
   2.40000   0.00000
   2.50000   0.00000
   2.60000   0.00000
   2.70000   0.00000
   2.80000   0.00000
   2.90000   0.00000
   3.00000   0.00000
