 2-chloro-benzoicacid sigma-profile (sigma [e/nm^2], p(sigma)*At [nm^2])
  -3.00000   0.00000
  -2.90000   0.00000
  -2.80000   0.00000
  -2.70000   0.00000
  -2.60000   0.00000
  -2.50000   0.00000
  -2.40000   0.00000
  -2.30000   0.00000
  -2.20000   0.00000
  -2.10000   0.00262
  -2.00000   0.00920
  -1.90000   0.01309
  -1.80000   0.01190
  -1.70000   0.00974
  -1.60000   0.00640
  -1.50000   0.00377
  -1.40000   0.00463
  -1.30000   0.00662
  -1.20000   0.00640
  -1.10000   0.00503
  -1.00000   0.01420
  -0.90000   0.03963
  -0.80000   0.05842
  -0.70000   0.05923
  -0.60000   0.06009
  -0.50000   0.06764
  -0.40000   0.07620
  -0.30000   0.08406
  -0.20000   0.08615
  -0.10000   0.08862
   0.00000   0.11521
   0.10000   0.15372
   0.20000   0.16397
   0.30000   0.13274
   0.40000   0.09069
   0.50000   0.06569
   0.60000   0.04480
   0.70000   0.02687
   0.80000   0.02361
   0.90000   0.02709
   1.00000   0.02841
   1.10000   0.03103
   1.20000   0.03306
   1.30000   0.02753
   1.40000   0.01727
   1.50000   0.00706
   1.60000   0.00115
   1.70000   0.00000
   1.80000   0.00000
   1.90000   0.00000
   2.00000   0.00000
   2.10000   0.00000
   2.20000   0.00000
   2.30000   0.00000
   2.40000   0.00000
   2.50000   0.00000
   2.60000   0.00000
   2.70000   0.00000
   2.80000   0.00000
   2.90000   0.00000
   3.00000   0.00000
