 2-methyl-benzoicacid sigma-profile (sigma [e/nm^2], p(sigma)*At [nm^2])
  -3.00000   0.00000
  -2.90000   0.00000
  -2.80000   0.00000
  -2.70000   0.00000
  -2.60000   0.00000
  -2.50000   0.00000
  -2.40000   0.00000
  -2.30000   0.00000
  -2.20000   0.00000
  -2.10000   0.00060
  -2.00000   0.00486
  -1.90000   0.01050
  -1.80000   0.01183
  -1.70000   0.01083
  -1.60000   0.00845
  -1.50000   0.00478
  -1.40000   0.00360
  -1.30000   0.00568
  -1.20000   0.00637
  -1.10000   0.00422
  -1.00000   0.00396
  -0.90000   0.01305
  -0.80000   0.03756
  -0.70000   0.06325
  -0.60000   0.07596
  -0.50000   0.08885
  -0.40000   0.10067
  -0.30000   0.09890
  -0.20000   0.09536
  -0.10000   0.10445
   0.00000   0.12133
   0.10000   0.13319
   0.20000   0.13593
   0.30000   0.13461
   0.40000   0.11619
   0.50000   0.06588
   0.60000   0.02547
   0.70000   0.02302
   0.80000   0.02651
   0.90000   0.02201
   1.00000   0.02020
   1.10000   0.02376
   1.20000   0.03035
   1.30000   0.02922
   1.40000   0.01805
   1.50000   0.00827
   1.60000   0.00258
   1.70000   0.00018
   1.80000   0.00000
   1.90000   0.00000
   2.00000   0.00000
   2.10000   0.00000
   2.20000   0.00000
   2.30000   0.00000
   2.40000   0.00000
   2.50000   0.00000
   2.60000   0.00000
   2.70000   0.00000
   2.80000   0.00000
   2.90000   0.00000
   3.00000   0.00000
