 2-formylbenzoicacid sigma-profile (sigma [e/nm^2], p(sigma)*At [nm^2])
  -3.00000   0.00000
  -2.90000   0.00000
  -2.80000   0.00000
  -2.70000   0.00000
  -2.60000   0.00000
  -2.50000   0.00000
  -2.40000   0.00000
  -2.30000   0.00000
  -2.20000   0.00000
  -2.10000   0.00000
  -2.00000   0.00000
  -1.90000   0.00000
  -1.80000   0.00000
  -1.70000   0.00000
  -1.60000   0.00000
  -1.50000   0.00000
  -1.40000   0.00000
  -1.30000   0.00087
  -1.20000   0.00649
  -1.10000   0.02091
  -1.00000   0.04483
  -0.90000   0.06545
  -0.80000   0.07189
  -0.70000   0.08315
  -0.60000   0.10152
  -0.50000   0.10402
  -0.40000   0.09817
  -0.30000   0.09390
  -0.20000   0.09741
  -0.10000   0.12464
   0.00000   0.14932
   0.10000   0.12224
   0.20000   0.06298
   0.30000   0.02996
   0.40000   0.02601
   0.50000   0.02713
   0.60000   0.02549
   0.70000   0.02694
   0.80000   0.03204
   0.90000   0.03359
   1.00000   0.03534
   1.10000   0.04201
   1.20000   0.05249
   1.30000   0.05160
   1.40000   0.03215
   1.50000   0.01596
   1.60000   0.01121
   1.70000   0.00732
   1.80000   0.00254
   1.90000   0.00018
   2.00000   0.00000
   2.10000   0.00000
   2.20000   0.00000
   2.30000   0.00000
   2.40000   0.00000
   2.50000   0.00000
   2.60000   0.00000
   2.70000   0.00000
   2.80000   0.00000
   2.90000   0.00000
   3.00000   0.00000
