 isoquinoline sigma-profile (sigma [e/nm^2], p(sigma)*At [nm^2])
  -3.00000   0.00000
  -2.90000   0.00000
  -2.80000   0.00000
  -2.70000   0.00000
  -2.60000   0.00000
  -2.50000   0.00000
  -2.40000   0.00000
  -2.30000   0.00000
  -2.20000   0.00000
  -2.10000   0.00000
  -2.00000   0.00000
  -1.90000   0.00000
  -1.80000   0.00000
  -1.70000   0.00000
  -1.60000   0.00000
  -1.50000   0.00000
  -1.40000   0.00000
  -1.30000   0.00000
  -1.20000   0.00000
  -1.10000   0.00000
  -1.00000   0.00107
  -0.90000   0.02487
  -0.80000   0.07905
  -0.70000   0.10927
  -0.60000   0.09981
  -0.50000   0.08965
  -0.40000   0.08150
  -0.30000   0.07490
  -0.20000   0.07920
  -0.10000   0.08652
   0.00000   0.10252
   0.10000   0.14986
   0.20000   0.18863
   0.30000   0.17094
   0.40000   0.11858
   0.50000   0.05870
   0.60000   0.01844
   0.70000   0.00580
   0.80000   0.00695
   0.90000   0.01203
   1.00000   0.01090
   1.10000   0.00819
   1.20000   0.00791
   1.30000   0.00702
   1.40000   0.00767
   1.50000   0.00917
   1.60000   0.00759
   1.70000   0.00602
   1.80000   0.00757
   1.90000   0.00792
   2.00000   0.00601
   2.10000   0.00339
   2.20000   0.00088
   2.30000   0.00000
   2.40000   0.00000
   2.50000   0.00000
   2.60000   0.00000
   2.70000   0.00000
   2.80000   0.00000
   2.90000   0.00000
   3.00000   0.00000
