 cis-crotonitrile sigma-profile (sigma [e/nm^2], p(sigma)*At [nm^2])
  -3.00000   0.00000
  -2.90000   0.00000
  -2.80000   0.00000
  -2.70000   0.00000
  -2.60000   0.00000
  -2.50000   0.00000
  -2.40000   0.00000
  -2.30000   0.00000
  -2.20000   0.00000
  -2.10000   0.00000
  -2.00000   0.00000
  -1.90000   0.00000
  -1.80000   0.00000
  -1.70000   0.00000
  -1.60000   0.00000
  -1.50000   0.00000
  -1.40000   0.00000
  -1.30000   0.00000
  -1.20000   0.00036
  -1.10000   0.00567
  -1.00000   0.01853
  -0.90000   0.03057
  -0.80000   0.04406
  -0.70000   0.06303
  -0.60000   0.06857
  -0.50000   0.06915
  -0.40000   0.07503
  -0.30000   0.07662
  -0.20000   0.09345
  -0.10000   0.11202
   0.00000   0.09451
   0.10000   0.05892
   0.20000   0.04210
   0.30000   0.03675
   0.40000   0.02579
   0.50000   0.01708
   0.60000   0.01664
   0.70000   0.02154
   0.80000   0.02897
   0.90000   0.03561
   1.00000   0.03416
   1.10000   0.02975
   1.20000   0.02726
   1.30000   0.02261
   1.40000   0.01627
   1.50000   0.00797
   1.60000   0.00157
   1.70000   0.00000
   1.80000   0.00000
   1.90000   0.00000
   2.00000   0.00000
   2.10000   0.00000
   2.20000   0.00000
   2.30000   0.00000
   2.40000   0.00000
   2.50000   0.00000
   2.60000   0.00000
   2.70000   0.00000
   2.80000   0.00000
   2.90000   0.00000
   3.00000   0.00000
