 2,3-dihydrofuran sigma-profile (sigma [e/nm^2], p(sigma)*At [nm^2])
  -3.00000   0.00000
  -2.90000   0.00000
  -2.80000   0.00000
  -2.70000   0.00000
  -2.60000   0.00000
  -2.50000   0.00000
  -2.40000   0.00000
  -2.30000   0.00000
  -2.20000   0.00000
  -2.10000   0.00000
  -2.00000   0.00000
  -1.90000   0.00000
  -1.80000   0.00000
  -1.70000   0.00000
  -1.60000   0.00000
  -1.50000   0.00000
  -1.40000   0.00000
  -1.30000   0.00000
  -1.20000   0.00000
  -1.10000   0.00024
  -1.00000   0.00444
  -0.90000   0.01360
  -0.80000   0.02316
  -0.70000   0.04101
  -0.60000   0.06848
  -0.50000   0.08471
  -0.40000   0.08914
  -0.30000   0.09368
  -0.20000   0.09223
  -0.10000   0.08562
   0.00000   0.07856
   0.10000   0.06429
   0.20000   0.04806
   0.30000   0.04170
   0.40000   0.03890
   0.50000   0.03300
   0.60000   0.02879
   0.70000   0.02875
   0.80000   0.02894
   0.90000   0.02291
   1.00000   0.01559
   1.10000   0.01281
   1.20000   0.01359
   1.30000   0.01730
   1.40000   0.01449
   1.50000   0.00498
   1.60000   0.00023
   1.70000   0.00000
   1.80000   0.00000
   1.90000   0.00000
   2.00000   0.00000
   2.10000   0.00000
   2.20000   0.00000
   2.30000   0.00000
   2.40000   0.00000
   2.50000   0.00000
   2.60000   0.00000
   2.70000   0.00000
   2.80000   0.00000
   2.90000   0.00000
   3.00000   0.00000
