 1,4-benzenedicarboxylicaciddimethylester sigma-profile (sigma [e/nm^2], p(sigma)*At [nm^2])
  -3.00000   0.00000
  -2.90000   0.00000
  -2.80000   0.00000
  -2.70000   0.00000
  -2.60000   0.00000
  -2.50000   0.00000
  -2.40000   0.00000
  -2.30000   0.00000
  -2.20000   0.00000
  -2.10000   0.00000
  -2.00000   0.00000
  -1.90000   0.00000
  -1.80000   0.00000
  -1.70000   0.00000
  -1.60000   0.00000
  -1.50000   0.00000
  -1.40000   0.00000
  -1.30000   0.00000
  -1.20000   0.00000
  -1.10000   0.00000
  -1.00000   0.00399
  -0.90000   0.03209
  -0.80000   0.09298
  -0.70000   0.13449
  -0.60000   0.13499
  -0.50000   0.14175
  -0.40000   0.16697
  -0.30000   0.19032
  -0.20000   0.18020
  -0.10000   0.14743
   0.00000   0.14937
   0.10000   0.17892
   0.20000   0.16007
   0.30000   0.08830
   0.40000   0.04220
   0.50000   0.03635
   0.60000   0.04468
   0.70000   0.04626
   0.80000   0.03378
   0.90000   0.02783
   1.00000   0.02886
   1.10000   0.04385
   1.20000   0.06813
   1.30000   0.06268
   1.40000   0.03352
   1.50000   0.01069
   1.60000   0.00120
   1.70000   0.00000
   1.80000   0.00000
   1.90000   0.00000
   2.00000   0.00000
   2.10000   0.00000
   2.20000   0.00000
   2.30000   0.00000
   2.40000   0.00000
   2.50000   0.00000
   2.60000   0.00000
   2.70000   0.00000
   2.80000   0.00000
   2.90000   0.00000
   3.00000   0.00000
