 cyclopentanone sigma-profile (sigma [e/nm^2], p(sigma)*At [nm^2])
  -3.00000   0.00000
  -2.90000   0.00000
  -2.80000   0.00000
  -2.70000   0.00000
  -2.60000   0.00000
  -2.50000   0.00000
  -2.40000   0.00000
  -2.30000   0.00000
  -2.20000   0.00000
  -2.10000   0.00000
  -2.00000   0.00000
  -1.90000   0.00000
  -1.80000   0.00000
  -1.70000   0.00000
  -1.60000   0.00000
  -1.50000   0.00000
  -1.40000   0.00000
  -1.30000   0.00000
  -1.20000   0.00000
  -1.10000   0.00000
  -1.00000   0.00000
  -0.90000   0.00109
  -0.80000   0.01731
  -0.70000   0.05172
  -0.60000   0.08579
  -0.50000   0.11936
  -0.40000   0.13775
  -0.30000   0.12651
  -0.20000   0.11356
  -0.10000   0.11357
   0.00000   0.11100
   0.10000   0.08487
   0.20000   0.04456
   0.30000   0.02062
   0.40000   0.01451
   0.50000   0.01042
   0.60000   0.00738
   0.70000   0.00699
   0.80000   0.00736
   0.90000   0.01270
   1.00000   0.01883
   1.10000   0.02143
   1.20000   0.02700
   1.30000   0.02975
   1.40000   0.02431
   1.50000   0.02043
   1.60000   0.01697
   1.70000   0.00971
   1.80000   0.00316
   1.90000   0.00030
   2.00000   0.00000
   2.10000   0.00000
   2.20000   0.00000
   2.30000   0.00000
   2.40000   0.00000
   2.50000   0.00000
   2.60000   0.00000
   2.70000   0.00000
   2.80000   0.00000
   2.90000   0.00000
   3.00000   0.00000
