 1-methyl-pyrrolidine sigma-profile (sigma [e/nm^2], p(sigma)*At [nm^2])
  -3.00000   0.00000
  -2.90000   0.00000
  -2.80000   0.00000
  -2.70000   0.00000
  -2.60000   0.00000
  -2.50000   0.00000
  -2.40000   0.00000
  -2.30000   0.00000
  -2.20000   0.00000
  -2.10000   0.00000
  -2.00000   0.00000
  -1.90000   0.00000
  -1.80000   0.00000
  -1.70000   0.00000
  -1.60000   0.00000
  -1.50000   0.00000
  -1.40000   0.00000
  -1.30000   0.00000
  -1.20000   0.00000
  -1.10000   0.00000
  -1.00000   0.00000
  -0.90000   0.00000
  -0.80000   0.00000
  -0.70000   0.00154
  -0.60000   0.01901
  -0.50000   0.06643
  -0.40000   0.11042
  -0.30000   0.13513
  -0.20000   0.15880
  -0.10000   0.18077
   0.00000   0.20275
   0.10000   0.19328
   0.20000   0.12961
   0.30000   0.05397
   0.40000   0.01515
   0.50000   0.00893
   0.60000   0.00702
   0.70000   0.00493
   0.80000   0.00542
   0.90000   0.00739
   1.00000   0.00662
   1.10000   0.00392
   1.20000   0.00314
   1.30000   0.00340
   1.40000   0.00410
   1.50000   0.00475
   1.60000   0.00417
   1.70000   0.00370
   1.80000   0.00437
   1.90000   0.00419
   2.00000   0.00323
   2.10000   0.00360
   2.20000   0.00384
   2.30000   0.00225
   2.40000   0.00051
   2.50000   0.00000
   2.60000   0.00000
   2.70000   0.00000
   2.80000   0.00000
   2.90000   0.00000
   3.00000   0.00000
