 1-chloro-2-nitro-4-(trifluoromethyl)-benzene sigma-profile (sigma [e/nm^2], p(sigma)*At [nm^2])
  -3.00000   0.00000
  -2.90000   0.00000
  -2.80000   0.00000
  -2.70000   0.00000
  -2.60000   0.00000
  -2.50000   0.00000
  -2.40000   0.00000
  -2.30000   0.00000
  -2.20000   0.00000
  -2.10000   0.00000
  -2.00000   0.00000
  -1.90000   0.00000
  -1.80000   0.00000
  -1.70000   0.00000
  -1.60000   0.00000
  -1.50000   0.00000
  -1.40000   0.00035
  -1.30000   0.00441
  -1.20000   0.01712
  -1.10000   0.03533
  -1.00000   0.04594
  -0.90000   0.04640
  -0.80000   0.04483
  -0.70000   0.04556
  -0.60000   0.05566
  -0.50000   0.07098
  -0.40000   0.09668
  -0.30000   0.13424
  -0.20000   0.15537
  -0.10000   0.14434
   0.00000   0.11836
   0.10000   0.13726
   0.20000   0.21188
   0.30000   0.22174
   0.40000   0.12613
   0.50000   0.06619
   0.60000   0.07211
   0.70000   0.06205
   0.80000   0.04364
   0.90000   0.03492
   1.00000   0.02557
   1.10000   0.01608
   1.20000   0.00784
   1.30000   0.00197
   1.40000   0.00000
   1.50000   0.00000
   1.60000   0.00000
   1.70000   0.00000
   1.80000   0.00000
   1.90000   0.00000
   2.00000   0.00000
   2.10000   0.00000
   2.20000   0.00000
   2.30000   0.00000
   2.40000   0.00000
   2.50000   0.00000
   2.60000   0.00000
   2.70000   0.00000
   2.80000   0.00000
   2.90000   0.00000
   3.00000   0.00000
