 triethylamine sigma-profile (sigma [e/nm^2], p(sigma)*At [nm^2])
  -3.00000   0.00000
  -2.90000   0.00000
  -2.80000   0.00000
  -2.70000   0.00000
  -2.60000   0.00000
  -2.50000   0.00000
  -2.40000   0.00000
  -2.30000   0.00000
  -2.20000   0.00000
  -2.10000   0.00000
  -2.00000   0.00000
  -1.90000   0.00000
  -1.80000   0.00000
  -1.70000   0.00000
  -1.60000   0.00000
  -1.50000   0.00000
  -1.40000   0.00000
  -1.30000   0.00000
  -1.20000   0.00000
  -1.10000   0.00000
  -1.00000   0.00000
  -0.90000   0.00000
  -0.80000   0.00000
  -0.70000   0.00575
  -0.60000   0.03346
  -0.50000   0.08458
  -0.40000   0.12939
  -0.30000   0.15267
  -0.20000   0.17612
  -0.10000   0.19580
   0.00000   0.20494
   0.10000   0.21854
   0.20000   0.20636
   0.30000   0.13595
   0.40000   0.05013
   0.50000   0.01194
   0.60000   0.00892
   0.70000   0.00647
   0.80000   0.00490
   0.90000   0.00607
   1.00000   0.00669
   1.10000   0.00448
   1.20000   0.00270
   1.30000   0.00313
   1.40000   0.00265
   1.50000   0.00209
   1.60000   0.00261
   1.70000   0.00249
   1.80000   0.00238
   1.90000   0.00364
   2.00000   0.00412
   2.10000   0.00248
   2.20000   0.00133
   2.30000   0.00129
   2.40000   0.00125
   2.50000   0.00066
   2.60000   0.00007
   2.70000   0.00000
   2.80000   0.00000
   2.90000   0.00000
   3.00000   0.00000
