 trimethylborate sigma-profile (sigma [e/nm^2], p(sigma)*At [nm^2])
  -3.00000   0.00000
  -2.90000   0.00000
  -2.80000   0.00000
  -2.70000   0.00000
  -2.60000   0.00000
  -2.50000   0.00000
  -2.40000   0.00000
  -2.30000   0.00000
  -2.20000   0.00000
  -2.10000   0.00000
  -2.00000   0.00000
  -1.90000   0.00000
  -1.80000   0.00000
  -1.70000   0.00000
  -1.60000   0.00000
  -1.50000   0.00000
  -1.40000   0.00000
  -1.30000   0.00000
  -1.20000   0.00000
  -1.10000   0.00000
  -1.00000   0.00000
  -0.90000   0.00000
  -0.80000   0.00195
  -0.70000   0.03674
  -0.60000   0.10403
  -0.50000   0.13868
  -0.40000   0.13502
  -0.30000   0.14552
  -0.20000   0.17482
  -0.10000   0.17163
   0.00000   0.12534
   0.10000   0.08324
   0.20000   0.06100
   0.30000   0.04500
   0.40000   0.03271
   0.50000   0.02513
   0.60000   0.02151
   0.70000   0.02332
   0.80000   0.02958
   0.90000   0.03211
   1.00000   0.02543
   1.10000   0.02211
   1.20000   0.02983
   1.30000   0.03312
   1.40000   0.02106
   1.50000   0.00592
   1.60000   0.00025
   1.70000   0.00000
   1.80000   0.00000
   1.90000   0.00000
   2.00000   0.00000
   2.10000   0.00000
   2.20000   0.00000
   2.30000   0.00000
   2.40000   0.00000
   2.50000   0.00000
   2.60000   0.00000
   2.70000   0.00000
   2.80000   0.00000
   2.90000   0.00000
   3.00000   0.00000
