 3-ethoxy-4-hydroxybenzaldehyde sigma-profile (sigma [e/nm^2], p(sigma)*At [nm^2])
  -3.00000   0.00000
  -2.90000   0.00000
  -2.80000   0.00000
  -2.70000   0.00000
  -2.60000   0.00000
  -2.50000   0.00000
  -2.40000   0.00000
  -2.30000   0.00000
  -2.20000   0.00000
  -2.10000   0.00000
  -2.00000   0.00087
  -1.90000   0.00239
  -1.80000   0.00449
  -1.70000   0.00670
  -1.60000   0.00690
  -1.50000   0.00553
  -1.40000   0.00355
  -1.30000   0.00347
  -1.20000   0.00519
  -1.10000   0.00522
  -1.00000   0.00945
  -0.90000   0.02511
  -0.80000   0.05465
  -0.70000   0.09459
  -0.60000   0.12579
  -0.50000   0.13260
  -0.40000   0.12993
  -0.30000   0.13247
  -0.20000   0.13413
  -0.10000   0.13434
   0.00000   0.14327
   0.10000   0.15153
   0.20000   0.14333
   0.30000   0.12673
   0.40000   0.09190
   0.50000   0.04885
   0.60000   0.03006
   0.70000   0.02704
   0.80000   0.02554
   0.90000   0.02630
   1.00000   0.03155
   1.10000   0.03590
   1.20000   0.03552
   1.30000   0.03222
   1.40000   0.02598
   1.50000   0.01982
   1.60000   0.01383
   1.70000   0.00656
   1.80000   0.00162
   1.90000   0.00017
   2.00000   0.00000
   2.10000   0.00000
   2.20000   0.00000
   2.30000   0.00000
   2.40000   0.00000
   2.50000   0.00000
   2.60000   0.00000
   2.70000   0.00000
   2.80000   0.00000
   2.90000   0.00000
   3.00000   0.00000
