 triethylesterphosphorousacid sigma-profile (sigma [e/nm^2], p(sigma)*At [nm^2])
  -3.00000   0.00000
  -2.90000   0.00000
  -2.80000   0.00000
  -2.70000   0.00000
  -2.60000   0.00000
  -2.50000   0.00000
  -2.40000   0.00000
  -2.30000   0.00000
  -2.20000   0.00000
  -2.10000   0.00000
  -2.00000   0.00000
  -1.90000   0.00000
  -1.80000   0.00000
  -1.70000   0.00000
  -1.60000   0.00000
  -1.50000   0.00000
  -1.40000   0.00000
  -1.30000   0.00000
  -1.20000   0.00000
  -1.10000   0.00000
  -1.00000   0.00000
  -0.90000   0.00000
  -0.80000   0.00120
  -0.70000   0.03206
  -0.60000   0.11697
  -0.50000   0.20220
  -0.40000   0.22712
  -0.30000   0.22991
  -0.20000   0.23455
  -0.10000   0.21068
   0.00000   0.19114
   0.10000   0.18322
   0.20000   0.13254
   0.30000   0.06572
   0.40000   0.04054
   0.50000   0.03486
   0.60000   0.02887
   0.70000   0.02925
   0.80000   0.02787
   0.90000   0.02597
   1.00000   0.02578
   1.10000   0.02442
   1.20000   0.02758
   1.30000   0.03454
   1.40000   0.03768
   1.50000   0.02833
   1.60000   0.00933
   1.70000   0.00000
   1.80000   0.00000
   1.90000   0.00000
   2.00000   0.00000
   2.10000   0.00000
   2.20000   0.00000
   2.30000   0.00000
   2.40000   0.00000
   2.50000   0.00000
   2.60000   0.00000
   2.70000   0.00000
   2.80000   0.00000
   2.90000   0.00000
   3.00000   0.00000
