 hydrazobenzene sigma-profile (sigma [e/nm^2], p(sigma)*At [nm^2])
  -3.00000   0.00000
  -2.90000   0.00000
  -2.80000   0.00000
  -2.70000   0.00000
  -2.60000   0.00000
  -2.50000   0.00000
  -2.40000   0.00000
  -2.30000   0.00000
  -2.20000   0.00000
  -2.10000   0.00000
  -2.00000   0.00000
  -1.90000   0.00000
  -1.80000   0.00000
  -1.70000   0.00000
  -1.60000   0.00683
  -1.50000   0.02098
  -1.40000   0.02727
  -1.30000   0.02469
  -1.20000   0.02138
  -1.10000   0.01816
  -1.00000   0.01773
  -0.90000   0.02165
  -0.80000   0.04554
  -0.70000   0.09517
  -0.60000   0.12645
  -0.50000   0.12239
  -0.40000   0.11800
  -0.30000   0.11717
  -0.20000   0.11436
  -0.10000   0.11697
   0.00000   0.11670
   0.10000   0.11372
   0.20000   0.11595
   0.30000   0.13951
   0.40000   0.18086
   0.50000   0.20272
   0.60000   0.20621
   0.70000   0.16593
   0.80000   0.06951
   0.90000   0.00773
   1.00000   0.00000
   1.10000   0.00000
   1.20000   0.00000
   1.30000   0.00000
   1.40000   0.00000
   1.50000   0.00000
   1.60000   0.00000
   1.70000   0.00000
   1.80000   0.00000
   1.90000   0.00000
   2.00000   0.00000
   2.10000   0.00000
   2.20000   0.00000
   2.30000   0.00000
   2.40000   0.00000
   2.50000   0.00000
   2.60000   0.00000
   2.70000   0.00000
   2.80000   0.00000
   2.90000   0.00000
   3.00000   0.00000
