 n-phenyl-benzeneamine sigma-profile (sigma [e/nm^2], p(sigma)*At [nm^2])
  -3.00000   0.00000
  -2.90000   0.00000
  -2.80000   0.00000
  -2.70000   0.00000
  -2.60000   0.00000
  -2.50000   0.00000
  -2.40000   0.00000
  -2.30000   0.00000
  -2.20000   0.00000
  -2.10000   0.00000
  -2.00000   0.00000
  -1.90000   0.00000
  -1.80000   0.00060
  -1.70000   0.00418
  -1.60000   0.00948
  -1.50000   0.01031
  -1.40000   0.00832
  -1.30000   0.00823
  -1.20000   0.00783
  -1.10000   0.00778
  -1.00000   0.00939
  -0.90000   0.01668
  -0.80000   0.04979
  -0.70000   0.10281
  -0.60000   0.12821
  -0.50000   0.12290
  -0.40000   0.11881
  -0.30000   0.11644
  -0.20000   0.10929
  -0.10000   0.10538
   0.00000   0.11455
   0.10000   0.11672
   0.20000   0.12483
   0.30000   0.15808
   0.40000   0.18013
   0.50000   0.19496
   0.60000   0.18613
   0.70000   0.11288
   0.80000   0.03015
   0.90000   0.00015
   1.00000   0.00000
   1.10000   0.00000
   1.20000   0.00000
   1.30000   0.00000
   1.40000   0.00000
   1.50000   0.00000
   1.60000   0.00000
   1.70000   0.00000
   1.80000   0.00000
   1.90000   0.00000
   2.00000   0.00000
   2.10000   0.00000
   2.20000   0.00000
   2.30000   0.00000
   2.40000   0.00000
   2.50000   0.00000
   2.60000   0.00000
   2.70000   0.00000
   2.80000   0.00000
   2.90000   0.00000
   3.00000   0.00000
