 1,4-bis(2-hydroxyethyl)piperazine sigma-profile (sigma [e/nm^2], p(sigma)*At [nm^2])
  -3.00000   0.00000
  -2.90000   0.00000
  -2.80000   0.00000
  -2.70000   0.00000
  -2.60000   0.00000
  -2.50000   0.00000
  -2.40000   0.00000
  -2.30000   0.00000
  -2.20000   0.00000
  -2.10000   0.00000
  -2.00000   0.00000
  -1.90000   0.00000
  -1.80000   0.00000
  -1.70000   0.00000
  -1.60000   0.00000
  -1.50000   0.00000
  -1.40000   0.00000
  -1.30000   0.00000
  -1.20000   0.00099
  -1.10000   0.00390
  -1.00000   0.00794
  -0.90000   0.00910
  -0.80000   0.01082
  -0.70000   0.04988
  -0.60000   0.12975
  -0.50000   0.18858
  -0.40000   0.22781
  -0.30000   0.27117
  -0.20000   0.27094
  -0.10000   0.22423
   0.00000   0.16977
   0.10000   0.10731
   0.20000   0.05561
   0.30000   0.03810
   0.40000   0.03388
   0.50000   0.02773
   0.60000   0.02277
   0.70000   0.01882
   0.80000   0.01866
   0.90000   0.01808
   1.00000   0.01314
   1.10000   0.01451
   1.20000   0.02335
   1.30000   0.02736
   1.40000   0.02659
   1.50000   0.02874
   1.60000   0.03710
   1.70000   0.04119
   1.80000   0.02687
   1.90000   0.00806
   2.00000   0.00079
   2.10000   0.00000
   2.20000   0.00000
   2.30000   0.00000
   2.40000   0.00000
   2.50000   0.00000
   2.60000   0.00000
   2.70000   0.00000
   2.80000   0.00000
   2.90000   0.00000
   3.00000   0.00000
