 2,5-pyrrolidinedione sigma-profile (sigma [e/nm^2], p(sigma)*At [nm^2])
  -3.00000   0.00000
  -2.90000   0.00000
  -2.80000   0.00000
  -2.70000   0.00000
  -2.60000   0.00000
  -2.50000   0.00000
  -2.40000   0.00000
  -2.30000   0.00000
  -2.20000   0.00000
  -2.10000   0.00000
  -2.00000   0.00016
  -1.90000   0.00466
  -1.80000   0.01341
  -1.70000   0.01544
  -1.60000   0.01105
  -1.50000   0.00832
  -1.40000   0.00686
  -1.30000   0.00633
  -1.20000   0.00541
  -1.10000   0.00456
  -1.00000   0.01378
  -0.90000   0.05053
  -0.80000   0.09584
  -0.70000   0.10869
  -0.60000   0.09352
  -0.50000   0.07009
  -0.40000   0.06113
  -0.30000   0.07765
  -0.20000   0.07845
  -0.10000   0.04443
   0.00000   0.01474
   0.10000   0.01254
   0.20000   0.02188
   0.30000   0.02213
   0.40000   0.01428
   0.50000   0.01181
   0.60000   0.01787
   0.70000   0.02062
   0.80000   0.01723
   0.90000   0.01873
   1.00000   0.02631
   1.10000   0.04765
   1.20000   0.07179
   1.30000   0.06708
   1.40000   0.04913
   1.50000   0.03568
   1.60000   0.01810
   1.70000   0.00409
   1.80000   0.00009
   1.90000   0.00000
   2.00000   0.00000
   2.10000   0.00000
   2.20000   0.00000
   2.30000   0.00000
   2.40000   0.00000
   2.50000   0.00000
   2.60000   0.00000
   2.70000   0.00000
   2.80000   0.00000
   2.90000   0.00000
   3.00000   0.00000
