 hydroquinone sigma-profile (sigma [e/nm^2], p(sigma)*At [nm^2])
  -3.00000   0.00000
  -2.90000   0.00000
  -2.80000   0.00000
  -2.70000   0.00000
  -2.60000   0.00000
  -2.50000   0.00000
  -2.40000   0.00000
  -2.30000   0.00000
  -2.20000   0.00000
  -2.10000   0.00092
  -2.00000   0.00712
  -1.90000   0.01802
  -1.80000   0.02321
  -1.70000   0.01919
  -1.60000   0.01636
  -1.50000   0.01678
  -1.40000   0.01249
  -1.30000   0.00868
  -1.20000   0.01159
  -1.10000   0.01590
  -1.00000   0.01819
  -0.90000   0.02810
  -0.80000   0.04663
  -0.70000   0.05544
  -0.60000   0.05239
  -0.50000   0.05030
  -0.40000   0.04855
  -0.30000   0.04431
  -0.20000   0.04207
  -0.10000   0.04396
   0.00000   0.04963
   0.10000   0.05363
   0.20000   0.07167
   0.30000   0.10039
   0.40000   0.11069
   0.50000   0.11182
   0.60000   0.09173
   0.70000   0.04995
   0.80000   0.02860
   0.90000   0.02349
   1.00000   0.02008
   1.10000   0.02741
   1.20000   0.03854
   1.30000   0.03556
   1.40000   0.01820
   1.50000   0.00387
   1.60000   0.00000
   1.70000   0.00000
   1.80000   0.00000
   1.90000   0.00000
   2.00000   0.00000
   2.10000   0.00000
   2.20000   0.00000
   2.30000   0.00000
   2.40000   0.00000
   2.50000   0.00000
   2.60000   0.00000
   2.70000   0.00000
   2.80000   0.00000
   2.90000   0.00000
   3.00000   0.00000
