 4-hydroxybenzaldehyde sigma-profile (sigma [e/nm^2], p(sigma)*At [nm^2])
  -3.00000   0.00000
  -2.90000   0.00000
  -2.80000   0.00000
  -2.70000   0.00000
  -2.60000   0.00000
  -2.50000   0.00000
  -2.40000   0.00000
  -2.30000   0.00000
  -2.20000   0.00147
  -2.10000   0.00551
  -2.00000   0.01049
  -1.90000   0.01201
  -1.80000   0.01013
  -1.70000   0.00956
  -1.60000   0.00794
  -1.50000   0.00504
  -1.40000   0.00511
  -1.30000   0.00727
  -1.20000   0.00820
  -1.10000   0.00798
  -1.00000   0.01531
  -0.90000   0.03541
  -0.80000   0.05866
  -0.70000   0.07124
  -0.60000   0.07195
  -0.50000   0.06821
  -0.40000   0.06532
  -0.30000   0.06845
  -0.20000   0.07247
  -0.10000   0.07771
   0.00000   0.09450
   0.10000   0.11387
   0.20000   0.12880
   0.30000   0.12097
   0.40000   0.07623
   0.50000   0.03357
   0.60000   0.01856
   0.70000   0.01907
   0.80000   0.02163
   0.90000   0.02436
   1.00000   0.03107
   1.10000   0.03685
   1.20000   0.03857
   1.30000   0.03383
   1.40000   0.02388
   1.50000   0.01753
   1.60000   0.01302
   1.70000   0.00591
   1.80000   0.00104
   1.90000   0.00000
   2.00000   0.00000
   2.10000   0.00000
   2.20000   0.00000
   2.30000   0.00000
   2.40000   0.00000
   2.50000   0.00000
   2.60000   0.00000
   2.70000   0.00000
   2.80000   0.00000
   2.90000   0.00000
   3.00000   0.00000
