 butanal sigma-profile (sigma [e/nm^2], p(sigma)*At [nm^2])
  -3.00000   0.00000
  -2.90000   0.00000
  -2.80000   0.00000
  -2.70000   0.00000
  -2.60000   0.00000
  -2.50000   0.00000
  -2.40000   0.00000
  -2.30000   0.00000
  -2.20000   0.00000
  -2.10000   0.00000
  -2.00000   0.00000
  -1.90000   0.00000
  -1.80000   0.00000
  -1.70000   0.00000
  -1.60000   0.00000
  -1.50000   0.00000
  -1.40000   0.00000
  -1.30000   0.00000
  -1.20000   0.00000
  -1.10000   0.00000
  -1.00000   0.00000
  -0.90000   0.00170
  -0.80000   0.01919
  -0.70000   0.05432
  -0.60000   0.08350
  -0.50000   0.10790
  -0.40000   0.12668
  -0.30000   0.12159
  -0.20000   0.10789
  -0.10000   0.09380
   0.00000   0.07908
   0.10000   0.07803
   0.20000   0.07650
   0.30000   0.05230
   0.40000   0.02037
   0.50000   0.00938
   0.60000   0.01232
   0.70000   0.01208
   0.80000   0.01140
   0.90000   0.01473
   1.00000   0.02104
   1.10000   0.02606
   1.20000   0.02752
   1.30000   0.02453
   1.40000   0.02051
   1.50000   0.01619
   1.60000   0.00920
   1.70000   0.00271
   1.80000   0.00014
   1.90000   0.00000
   2.00000   0.00000
   2.10000   0.00000
   2.20000   0.00000
   2.30000   0.00000
   2.40000   0.00000
   2.50000   0.00000
   2.60000   0.00000
   2.70000   0.00000
   2.80000   0.00000
   2.90000   0.00000
   3.00000   0.00000
