 ethylsuccinate sigma-profile (sigma [e/nm^2], p(sigma)*At [nm^2])
  -3.00000   0.00000
  -2.90000   0.00000
  -2.80000   0.00000
  -2.70000   0.00000
  -2.60000   0.00000
  -2.50000   0.00000
  -2.40000   0.00000
  -2.30000   0.00000
  -2.20000   0.00000
  -2.10000   0.00000
  -2.00000   0.00000
  -1.90000   0.00000
  -1.80000   0.00000
  -1.70000   0.00000
  -1.60000   0.00000
  -1.50000   0.00000
  -1.40000   0.00000
  -1.30000   0.00000
  -1.20000   0.00000
  -1.10000   0.00000
  -1.00000   0.00119
  -0.90000   0.01592
  -0.80000   0.05769
  -0.70000   0.11903
  -0.60000   0.17848
  -0.50000   0.20838
  -0.40000   0.21281
  -0.30000   0.21259
  -0.20000   0.18888
  -0.10000   0.15080
   0.00000   0.14099
   0.10000   0.13513
   0.20000   0.09414
   0.30000   0.04942
   0.40000   0.03361
   0.50000   0.03516
   0.60000   0.03673
   0.70000   0.03914
   0.80000   0.04109
   0.90000   0.03900
   1.00000   0.04348
   1.10000   0.05509
   1.20000   0.06727
   1.30000   0.06459
   1.40000   0.04090
   1.50000   0.01805
   1.60000   0.00542
   1.70000   0.00038
   1.80000   0.00000
   1.90000   0.00000
   2.00000   0.00000
   2.10000   0.00000
   2.20000   0.00000
   2.30000   0.00000
   2.40000   0.00000
   2.50000   0.00000
   2.60000   0.00000
   2.70000   0.00000
   2.80000   0.00000
   2.90000   0.00000
   3.00000   0.00000
