 dioxane sigma-profile (sigma [e/nm^2], p(sigma)*At [nm^2])
  -3.00000   0.00000
  -2.90000   0.00000
  -2.80000   0.00000
  -2.70000   0.00000
  -2.60000   0.00000
  -2.50000   0.00000
  -2.40000   0.00000
  -2.30000   0.00000
  -2.20000   0.00000
  -2.10000   0.00000
  -2.00000   0.00000
  -1.90000   0.00000
  -1.80000   0.00000
  -1.70000   0.00000
  -1.60000   0.00000
  -1.50000   0.00000
  -1.40000   0.00000
  -1.30000   0.00000
  -1.20000   0.00000
  -1.10000   0.00000
  -1.00000   0.00000
  -0.90000   0.00000
  -0.80000   0.01570
  -0.70000   0.05552
  -0.60000   0.10181
  -0.50000   0.14116
  -0.40000   0.15133
  -0.30000   0.12756
  -0.20000   0.10438
  -0.10000   0.08963
   0.00000   0.06430
   0.10000   0.03733
   0.20000   0.02580
   0.30000   0.02345
   0.40000   0.02291
   0.50000   0.02195
   0.60000   0.01730
   0.70000   0.01178
   0.80000   0.01223
   0.90000   0.01657
   1.00000   0.01781
   1.10000   0.01879
   1.20000   0.02201
   1.30000   0.02323
   1.40000   0.02667
   1.50000   0.03201
   1.60000   0.02384
   1.70000   0.00760
   1.80000   0.00049
   1.90000   0.00000
   2.00000   0.00000
   2.10000   0.00000
   2.20000   0.00000
   2.30000   0.00000
   2.40000   0.00000
   2.50000   0.00000
   2.60000   0.00000
   2.70000   0.00000
   2.80000   0.00000
   2.90000   0.00000
   3.00000   0.00000
