 2,6,8-trimethyl-4-nonanone sigma-profile (sigma [e/nm^2], p(sigma)*At [nm^2])
  -3.00000   0.00000
  -2.90000   0.00000
  -2.80000   0.00000
  -2.70000   0.00000
  -2.60000   0.00000
  -2.50000   0.00000
  -2.40000   0.00000
  -2.30000   0.00000
  -2.20000   0.00000
  -2.10000   0.00000
  -2.00000   0.00000
  -1.90000   0.00000
  -1.80000   0.00000
  -1.70000   0.00000
  -1.60000   0.00000
  -1.50000   0.00000
  -1.40000   0.00000
  -1.30000   0.00000
  -1.20000   0.00000
  -1.10000   0.00000
  -1.00000   0.00000
  -0.90000   0.00139
  -0.80000   0.01212
  -0.70000   0.03556
  -0.60000   0.06111
  -0.50000   0.12249
  -0.40000   0.23423
  -0.30000   0.29753
  -0.20000   0.29746
  -0.10000   0.28801
   0.00000   0.25330
   0.10000   0.23845
   0.20000   0.27545
   0.30000   0.24290
   0.40000   0.10836
   0.50000   0.01963
   0.60000   0.00947
   0.70000   0.01129
   0.80000   0.00913
   0.90000   0.00782
   1.00000   0.01039
   1.10000   0.01410
   1.20000   0.02224
   1.30000   0.02831
   1.40000   0.02296
   1.50000   0.01560
   1.60000   0.01090
   1.70000   0.00487
   1.80000   0.00081
   1.90000   0.00000
   2.00000   0.00000
   2.10000   0.00000
   2.20000   0.00000
   2.30000   0.00000
   2.40000   0.00000
   2.50000   0.00000
   2.60000   0.00000
   2.70000   0.00000
   2.80000   0.00000
   2.90000   0.00000
   3.00000   0.00000
