 propanal sigma-profile (sigma [e/nm^2], p(sigma)*At [nm^2])
  -3.00000   0.00000
  -2.90000   0.00000
  -2.80000   0.00000
  -2.70000   0.00000
  -2.60000   0.00000
  -2.50000   0.00000
  -2.40000   0.00000
  -2.30000   0.00000
  -2.20000   0.00000
  -2.10000   0.00000
  -2.00000   0.00000
  -1.90000   0.00000
  -1.80000   0.00000
  -1.70000   0.00000
  -1.60000   0.00000
  -1.50000   0.00000
  -1.40000   0.00000
  -1.30000   0.00000
  -1.20000   0.00000
  -1.10000   0.00000
  -1.00000   0.00000
  -0.90000   0.00252
  -0.80000   0.02228
  -0.70000   0.05830
  -0.60000   0.09061
  -0.50000   0.10787
  -0.40000   0.10025
  -0.30000   0.08697
  -0.20000   0.08211
  -0.10000   0.06959
   0.00000   0.05667
   0.10000   0.05661
   0.20000   0.05035
   0.30000   0.02542
   0.40000   0.00980
   0.50000   0.01213
   0.60000   0.01322
   0.70000   0.01075
   0.80000   0.01075
   0.90000   0.01465
   1.00000   0.02111
   1.10000   0.02739
   1.20000   0.02817
   1.30000   0.02326
   1.40000   0.02004
   1.50000   0.01676
   1.60000   0.00935
   1.70000   0.00264
   1.80000   0.00015
   1.90000   0.00000
   2.00000   0.00000
   2.10000   0.00000
   2.20000   0.00000
   2.30000   0.00000
   2.40000   0.00000
   2.50000   0.00000
   2.60000   0.00000
   2.70000   0.00000
   2.80000   0.00000
   2.90000   0.00000
   3.00000   0.00000
