 4-heptanone sigma-profile (sigma [e/nm^2], p(sigma)*At [nm^2])
  -3.00000   0.00000
  -2.90000   0.00000
  -2.80000   0.00000
  -2.70000   0.00000
  -2.60000   0.00000
  -2.50000   0.00000
  -2.40000   0.00000
  -2.30000   0.00000
  -2.20000   0.00000
  -2.10000   0.00000
  -2.00000   0.00000
  -1.90000   0.00000
  -1.80000   0.00000
  -1.70000   0.00000
  -1.60000   0.00000
  -1.50000   0.00000
  -1.40000   0.00000
  -1.30000   0.00000
  -1.20000   0.00000
  -1.10000   0.00000
  -1.00000   0.00000
  -0.90000   0.00000
  -0.80000   0.01111
  -0.70000   0.04104
  -0.60000   0.07426
  -0.50000   0.11988
  -0.40000   0.17998
  -0.30000   0.20112
  -0.20000   0.19071
  -0.10000   0.18026
   0.00000   0.15958
   0.10000   0.15440
   0.20000   0.15426
   0.30000   0.10875
   0.40000   0.04303
   0.50000   0.01141
   0.60000   0.00737
   0.70000   0.01027
   0.80000   0.01214
   0.90000   0.01057
   1.00000   0.01424
   1.10000   0.01872
   1.20000   0.02264
   1.30000   0.02554
   1.40000   0.02415
   1.50000   0.02100
   1.60000   0.01439
   1.70000   0.00662
   1.80000   0.00175
   1.90000   0.00000
   2.00000   0.00000
   2.10000   0.00000
   2.20000   0.00000
   2.30000   0.00000
   2.40000   0.00000
   2.50000   0.00000
   2.60000   0.00000
   2.70000   0.00000
   2.80000   0.00000
   2.90000   0.00000
   3.00000   0.00000
