 nonanedioicacid sigma-profile (sigma [e/nm^2], p(sigma)*At [nm^2])
  -3.00000   0.00000
  -2.90000   0.00000
  -2.80000   0.00000
  -2.70000   0.00000
  -2.60000   0.00000
  -2.50000   0.00000
  -2.40000   0.00000
  -2.30000   0.00000
  -2.20000   0.00000
  -2.10000   0.00108
  -2.00000   0.00955
  -1.90000   0.02155
  -1.80000   0.02376
  -1.70000   0.02138
  -1.60000   0.01803
  -1.50000   0.01045
  -1.40000   0.00696
  -1.30000   0.01120
  -1.20000   0.01417
  -1.10000   0.01055
  -1.00000   0.00793
  -0.90000   0.01360
  -0.80000   0.03745
  -0.70000   0.06922
  -0.60000   0.08447
  -0.50000   0.12428
  -0.40000   0.19933
  -0.30000   0.23891
  -0.20000   0.23554
  -0.10000   0.21357
   0.00000   0.16528
   0.10000   0.11442
   0.20000   0.09959
   0.30000   0.09070
   0.40000   0.05757
   0.50000   0.03049
   0.60000   0.03101
   0.70000   0.04631
   0.80000   0.04902
   0.90000   0.04719
   1.00000   0.06026
   1.10000   0.07399
   1.20000   0.07275
   1.30000   0.05950
   1.40000   0.04712
   1.50000   0.03168
   1.60000   0.01162
   1.70000   0.00131
   1.80000   0.00000
   1.90000   0.00000
   2.00000   0.00000
   2.10000   0.00000
   2.20000   0.00000
   2.30000   0.00000
   2.40000   0.00000
   2.50000   0.00000
   2.60000   0.00000
   2.70000   0.00000
   2.80000   0.00000
   2.90000   0.00000
   3.00000   0.00000
