 1-dodecanamine sigma-profile (sigma [e/nm^2], p(sigma)*At [nm^2])
  -3.00000   0.00000
  -2.90000   0.00000
  -2.80000   0.00000
  -2.70000   0.00000
  -2.60000   0.00000
  -2.50000   0.00000
  -2.40000   0.00000
  -2.30000   0.00000
  -2.20000   0.00000
  -2.10000   0.00000
  -2.00000   0.00000
  -1.90000   0.00000
  -1.80000   0.00000
  -1.70000   0.00000
  -1.60000   0.00000
  -1.50000   0.00000
  -1.40000   0.00000
  -1.30000   0.00048
  -1.20000   0.00687
  -1.10000   0.01740
  -1.00000   0.02178
  -0.90000   0.02084
  -0.80000   0.01804
  -0.70000   0.01568
  -0.60000   0.01891
  -0.50000   0.05350
  -0.40000   0.17660
  -0.30000   0.32126
  -0.20000   0.37187
  -0.10000   0.37505
   0.00000   0.37425
   0.10000   0.33826
   0.20000   0.27929
   0.30000   0.22840
   0.40000   0.14641
   0.50000   0.04606
   0.60000   0.00590
   0.70000   0.00720
   0.80000   0.00837
   0.90000   0.00666
   1.00000   0.00494
   1.10000   0.00582
   1.20000   0.00630
   1.30000   0.00542
   1.40000   0.00471
   1.50000   0.00511
   1.60000   0.00668
   1.70000   0.00707
   1.80000   0.00528
   1.90000   0.00407
   2.00000   0.00522
   2.10000   0.00662
   2.20000   0.00631
   2.30000   0.00528
   2.40000   0.00459
   2.50000   0.00272
   2.60000   0.00059
   2.70000   0.00000
   2.80000   0.00000
   2.90000   0.00000
   3.00000   0.00000
