 hexanedioicacid sigma-profile (sigma [e/nm^2], p(sigma)*At [nm^2])
  -3.00000   0.00000
  -2.90000   0.00000
  -2.80000   0.00000
  -2.70000   0.00000
  -2.60000   0.00000
  -2.50000   0.00000
  -2.40000   0.00000
  -2.30000   0.00000
  -2.20000   0.00000
  -2.10000   0.00130
  -2.00000   0.01013
  -1.90000   0.02200
  -1.80000   0.02430
  -1.70000   0.02184
  -1.60000   0.01692
  -1.50000   0.00865
  -1.40000   0.00695
  -1.30000   0.01186
  -1.20000   0.01453
  -1.10000   0.01152
  -1.00000   0.00764
  -0.90000   0.01468
  -0.80000   0.04400
  -0.70000   0.07572
  -0.60000   0.10069
  -0.50000   0.13802
  -0.40000   0.15852
  -0.30000   0.14888
  -0.20000   0.12944
  -0.10000   0.09563
   0.00000   0.06013
   0.10000   0.04715
   0.20000   0.05243
   0.30000   0.04939
   0.40000   0.03449
   0.50000   0.02678
   0.60000   0.03479
   0.70000   0.04701
   0.80000   0.04508
   0.90000   0.04551
   1.00000   0.06151
   1.10000   0.07484
   1.20000   0.07380
   1.30000   0.06026
   1.40000   0.04594
   1.50000   0.02907
   1.60000   0.00948
   1.70000   0.00066
   1.80000   0.00000
   1.90000   0.00000
   2.00000   0.00000
   2.10000   0.00000
   2.20000   0.00000
   2.30000   0.00000
   2.40000   0.00000
   2.50000   0.00000
   2.60000   0.00000
   2.70000   0.00000
   2.80000   0.00000
   2.90000   0.00000
   3.00000   0.00000
