 2-(2-butoxyethoxy)ethanolacetate sigma-profile (sigma [e/nm^2], p(sigma)*At [nm^2])
  -3.00000   0.00000
  -2.90000   0.00000
  -2.80000   0.00000
  -2.70000   0.00000
  -2.60000   0.00000
  -2.50000   0.00000
  -2.40000   0.00000
  -2.30000   0.00000
  -2.20000   0.00000
  -2.10000   0.00000
  -2.00000   0.00000
  -1.90000   0.00000
  -1.80000   0.00000
  -1.70000   0.00000
  -1.60000   0.00000
  -1.50000   0.00000
  -1.40000   0.00000
  -1.30000   0.00000
  -1.20000   0.00000
  -1.10000   0.00000
  -1.00000   0.00024
  -0.90000   0.01161
  -0.80000   0.04638
  -0.70000   0.09838
  -0.60000   0.16366
  -0.50000   0.24266
  -0.40000   0.29612
  -0.30000   0.29611
  -0.20000   0.28246
  -0.10000   0.25679
   0.00000   0.19784
   0.10000   0.14870
   0.20000   0.13008
   0.30000   0.10403
   0.40000   0.06377
   0.50000   0.03874
   0.60000   0.02972
   0.70000   0.02674
   0.80000   0.02604
   0.90000   0.02841
   1.00000   0.03701
   1.10000   0.04791
   1.20000   0.05588
   1.30000   0.05293
   1.40000   0.04437
   1.50000   0.03708
   1.60000   0.02685
   1.70000   0.01561
   1.80000   0.00619
   1.90000   0.00092
   2.00000   0.00000
   2.10000   0.00000
   2.20000   0.00000
   2.30000   0.00000
   2.40000   0.00000
   2.50000   0.00000
   2.60000   0.00000
   2.70000   0.00000
   2.80000   0.00000
   2.90000   0.00000
   3.00000   0.00000
