 1,6-hexanediol-diacrylate sigma-profile (sigma [e/nm^2], p(sigma)*At [nm^2])
  -3.00000   0.00000
  -2.90000   0.00000
  -2.80000   0.00000
  -2.70000   0.00000
  -2.60000   0.00000
  -2.50000   0.00000
  -2.40000   0.00000
  -2.30000   0.00000
  -2.20000   0.00000
  -2.10000   0.00000
  -2.00000   0.00000
  -1.90000   0.00000
  -1.80000   0.00000
  -1.70000   0.00000
  -1.60000   0.00000
  -1.50000   0.00000
  -1.40000   0.00000
  -1.30000   0.00000
  -1.20000   0.00000
  -1.10000   0.00000
  -1.00000   0.00746
  -0.90000   0.03601
  -0.80000   0.08029
  -0.70000   0.11803
  -0.60000   0.14935
  -0.50000   0.19922
  -0.40000   0.27043
  -0.30000   0.31387
  -0.20000   0.30151
  -0.10000   0.25834
   0.00000   0.21063
   0.10000   0.17822
   0.20000   0.14841
   0.30000   0.11396
   0.40000   0.09091
   0.50000   0.06754
   0.60000   0.04177
   0.70000   0.03552
   0.80000   0.04243
   0.90000   0.04134
   1.00000   0.03991
   1.10000   0.04796
   1.20000   0.06401
   1.30000   0.07081
   1.40000   0.05257
   1.50000   0.02700
   1.60000   0.00900
   1.70000   0.00087
   1.80000   0.00000
   1.90000   0.00000
   2.00000   0.00000
   2.10000   0.00000
   2.20000   0.00000
   2.30000   0.00000
   2.40000   0.00000
   2.50000   0.00000
   2.60000   0.00000
   2.70000   0.00000
   2.80000   0.00000
   2.90000   0.00000
   3.00000   0.00000
