 diallylphthalate sigma-profile (sigma [e/nm^2], p(sigma)*At [nm^2])
  -3.00000   0.00000
  -2.90000   0.00000
  -2.80000   0.00000
  -2.70000   0.00000
  -2.60000   0.00000
  -2.50000   0.00000
  -2.40000   0.00000
  -2.30000   0.00000
  -2.20000   0.00000
  -2.10000   0.00000
  -2.00000   0.00000
  -1.90000   0.00000
  -1.80000   0.00000
  -1.70000   0.00000
  -1.60000   0.00000
  -1.50000   0.00000
  -1.40000   0.00000
  -1.30000   0.00000
  -1.20000   0.00000
  -1.10000   0.00012
  -1.00000   0.00789
  -0.90000   0.05025
  -0.80000   0.13246
  -0.70000   0.19565
  -0.60000   0.19885
  -0.50000   0.18447
  -0.40000   0.18282
  -0.30000   0.17923
  -0.20000   0.17293
  -0.10000   0.17065
   0.00000   0.17667
   0.10000   0.19869
   0.20000   0.21813
   0.30000   0.18457
   0.40000   0.12282
   0.50000   0.09534
   0.60000   0.08461
   0.70000   0.06589
   0.80000   0.04893
   0.90000   0.04109
   1.00000   0.04449
   1.10000   0.05768
   1.20000   0.06242
   1.30000   0.04676
   1.40000   0.02541
   1.50000   0.00987
   1.60000   0.00203
   1.70000   0.00019
   1.80000   0.00000
   1.90000   0.00000
   2.00000   0.00000
   2.10000   0.00000
   2.20000   0.00000
   2.30000   0.00000
   2.40000   0.00000
   2.50000   0.00000
   2.60000   0.00000
   2.70000   0.00000
   2.80000   0.00000
   2.90000   0.00000
   3.00000   0.00000
