 7-methyl-1-octene sigma-profile (sigma [e/nm^2], p(sigma)*At [nm^2])
  -3.00000   0.00000
  -2.90000   0.00000
  -2.80000   0.00000
  -2.70000   0.00000
  -2.60000   0.00000
  -2.50000   0.00000
  -2.40000   0.00000
  -2.30000   0.00000
  -2.20000   0.00000
  -2.10000   0.00000
  -2.00000   0.00000
  -1.90000   0.00000
  -1.80000   0.00000
  -1.70000   0.00000
  -1.60000   0.00000
  -1.50000   0.00000
  -1.40000   0.00000
  -1.30000   0.00000
  -1.20000   0.00000
  -1.10000   0.00000
  -1.00000   0.00000
  -0.90000   0.00000
  -0.80000   0.00048
  -0.70000   0.00991
  -0.60000   0.03394
  -0.50000   0.07923
  -0.40000   0.15734
  -0.30000   0.22523
  -0.20000   0.24193
  -0.10000   0.23821
   0.00000   0.23018
   0.10000   0.21735
   0.20000   0.21484
   0.30000   0.18817
   0.40000   0.11059
   0.50000   0.04768
   0.60000   0.03139
   0.70000   0.02577
   0.80000   0.02142
   0.90000   0.01759
   1.00000   0.00881
   1.10000   0.00185
   1.20000   0.00007
   1.30000   0.00000
   1.40000   0.00000
   1.50000   0.00000
   1.60000   0.00000
   1.70000   0.00000
   1.80000   0.00000
   1.90000   0.00000
   2.00000   0.00000
   2.10000   0.00000
   2.20000   0.00000
   2.30000   0.00000
   2.40000   0.00000
   2.50000   0.00000
   2.60000   0.00000
   2.70000   0.00000
   2.80000   0.00000
   2.90000   0.00000
   3.00000   0.00000
