 dibenzofuran sigma-profile (sigma [e/nm^2], p(sigma)*At [nm^2])
  -3.00000   0.00000
  -2.90000   0.00000
  -2.80000   0.00000
  -2.70000   0.00000
  -2.60000   0.00000
  -2.50000   0.00000
  -2.40000   0.00000
  -2.30000   0.00000
  -2.20000   0.00000
  -2.10000   0.00000
  -2.00000   0.00000
  -1.90000   0.00000
  -1.80000   0.00000
  -1.70000   0.00000
  -1.60000   0.00000
  -1.50000   0.00000
  -1.40000   0.00000
  -1.30000   0.00000
  -1.20000   0.00000
  -1.10000   0.00000
  -1.00000   0.00433
  -0.90000   0.02834
  -0.80000   0.07364
  -0.70000   0.10691
  -0.60000   0.10810
  -0.50000   0.10015
  -0.40000   0.09725
  -0.30000   0.09704
  -0.20000   0.10259
  -0.10000   0.11417
   0.00000   0.12681
   0.10000   0.14037
   0.20000   0.16781
   0.30000   0.19570
   0.40000   0.20117
   0.50000   0.16527
   0.60000   0.08762
   0.70000   0.02833
   0.80000   0.01351
   0.90000   0.01281
   1.00000   0.00994
   1.10000   0.00383
   1.20000   0.00015
   1.30000   0.00000
   1.40000   0.00000
   1.50000   0.00000
   1.60000   0.00000
   1.70000   0.00000
   1.80000   0.00000
   1.90000   0.00000
   2.00000   0.00000
   2.10000   0.00000
   2.20000   0.00000
   2.30000   0.00000
   2.40000   0.00000
   2.50000   0.00000
   2.60000   0.00000
   2.70000   0.00000
   2.80000   0.00000
   2.90000   0.00000
   3.00000   0.00000
