 3,4-dinonylphenol sigma-profile (sigma [e/nm^2], p(sigma)*At [nm^2])
  -3.00000   0.00000
  -2.90000   0.00000
  -2.80000   0.00000
  -2.70000   0.00000
  -2.60000   0.00000
  -2.50000   0.00000
  -2.40000   0.00000
  -2.30000   0.00000
  -2.20000   0.00000
  -2.10000   0.00026
  -2.00000   0.00327
  -1.90000   0.00843
  -1.80000   0.01028
  -1.70000   0.00972
  -1.60000   0.00959
  -1.50000   0.00793
  -1.40000   0.00546
  -1.30000   0.00499
  -1.20000   0.00630
  -1.10000   0.00773
  -1.00000   0.00757
  -0.90000   0.00826
  -0.80000   0.01738
  -0.70000   0.03232
  -0.60000   0.04472
  -0.50000   0.10176
  -0.40000   0.28769
  -0.30000   0.48570
  -0.20000   0.55180
  -0.10000   0.56741
   0.00000   0.56745
   0.10000   0.52427
   0.20000   0.47065
   0.30000   0.40637
   0.40000   0.27113
   0.50000   0.12781
   0.60000   0.08147
   0.70000   0.07066
   0.80000   0.04028
   0.90000   0.01660
   1.00000   0.01002
   1.10000   0.01304
   1.20000   0.01946
   1.30000   0.01850
   1.40000   0.00877
   1.50000   0.00154
   1.60000   0.00000
   1.70000   0.00000
   1.80000   0.00000
   1.90000   0.00000
   2.00000   0.00000
   2.10000   0.00000
   2.20000   0.00000
   2.30000   0.00000
   2.40000   0.00000
   2.50000   0.00000
   2.60000   0.00000
   2.70000   0.00000
   2.80000   0.00000
   2.90000   0.00000
   3.00000   0.00000
