 1,3-diphenyl-1-triazene sigma-profile (sigma [e/nm^2], p(sigma)*At [nm^2])
  -3.00000   0.00000
  -2.90000   0.00000
  -2.80000   0.00000
  -2.70000   0.00000
  -2.60000   0.00000
  -2.50000   0.00000
  -2.40000   0.00000
  -2.30000   0.00000
  -2.20000   0.00000
  -2.10000   0.00000
  -2.00000   0.00000
  -1.90000   0.00010
  -1.80000   0.00226
  -1.70000   0.00729
  -1.60000   0.01085
  -1.50000   0.01091
  -1.40000   0.00954
  -1.30000   0.00741
  -1.20000   0.00654
  -1.10000   0.00800
  -1.00000   0.01051
  -0.90000   0.02303
  -0.80000   0.06641
  -0.70000   0.11844
  -0.60000   0.13107
  -0.50000   0.12337
  -0.40000   0.12197
  -0.30000   0.12002
  -0.20000   0.12099
  -0.10000   0.13580
   0.00000   0.15035
   0.10000   0.15484
   0.20000   0.18215
   0.30000   0.22292
   0.40000   0.24695
   0.50000   0.22094
   0.60000   0.12660
   0.70000   0.04050
   0.80000   0.01193
   0.90000   0.00900
   1.00000   0.00856
   1.10000   0.00793
   1.20000   0.00762
   1.30000   0.00512
   1.40000   0.00176
   1.50000   0.00291
   1.60000   0.00619
   1.70000   0.00640
   1.80000   0.00394
   1.90000   0.00125
   2.00000   0.00000
   2.10000   0.00000
   2.20000   0.00000
   2.30000   0.00000
   2.40000   0.00000
   2.50000   0.00000
   2.60000   0.00000
   2.70000   0.00000
   2.80000   0.00000
   2.90000   0.00000
   3.00000   0.00000
