 2-methyl-1-butanol sigma-profile (sigma [e/nm^2], p(sigma)*At [nm^2])
  -3.00000   0.00000
  -2.90000   0.00000
  -2.80000   0.00000
  -2.70000   0.00000
  -2.60000   0.00000
  -2.50000   0.00000
  -2.40000   0.00000
  -2.30000   0.00000
  -2.20000   0.00000
  -2.10000   0.00000
  -2.00000   0.00000
  -1.90000   0.00000
  -1.80000   0.00141
  -1.70000   0.00580
  -1.60000   0.01031
  -1.50000   0.00991
  -1.40000   0.00751
  -1.30000   0.00822
  -1.20000   0.00862
  -1.10000   0.00647
  -1.00000   0.00431
  -0.90000   0.00442
  -0.80000   0.00570
  -0.70000   0.00663
  -0.60000   0.01928
  -0.50000   0.06552
  -0.40000   0.12507
  -0.30000   0.14666
  -0.20000   0.14042
  -0.10000   0.13240
   0.00000   0.12604
   0.10000   0.14117
   0.20000   0.15297
   0.30000   0.11154
   0.40000   0.04682
   0.50000   0.01581
   0.60000   0.00924
   0.70000   0.00677
   0.80000   0.00824
   0.90000   0.00795
   1.00000   0.00683
   1.10000   0.00959
   1.20000   0.01328
   1.30000   0.01218
   1.40000   0.00974
   1.50000   0.01394
   1.60000   0.01890
   1.70000   0.01453
   1.80000   0.00574
   1.90000   0.00094
   2.00000   0.00000
   2.10000   0.00000
   2.20000   0.00000
   2.30000   0.00000
   2.40000   0.00000
   2.50000   0.00000
   2.60000   0.00000
   2.70000   0.00000
   2.80000   0.00000
   2.90000   0.00000
   3.00000   0.00000
