 trans-1-methyl-4-(1-methylethenyl)-cyclohexanol sigma-profile (sigma [e/nm^2], p(sigma)*At [nm^2])
  -3.00000   0.00000
  -2.90000   0.00000
  -2.80000   0.00000
  -2.70000   0.00000
  -2.60000   0.00000
  -2.50000   0.00000
  -2.40000   0.00000
  -2.30000   0.00000
  -2.20000   0.00000
  -2.10000   0.00000
  -2.00000   0.00000
  -1.90000   0.00000
  -1.80000   0.00057
  -1.70000   0.00404
  -1.60000   0.00801
  -1.50000   0.00824
  -1.40000   0.00768
  -1.30000   0.00769
  -1.20000   0.00702
  -1.10000   0.00583
  -1.00000   0.00530
  -0.90000   0.00594
  -0.80000   0.00659
  -0.70000   0.01609
  -0.60000   0.05997
  -0.50000   0.14308
  -0.40000   0.19939
  -0.30000   0.20161
  -0.20000   0.18643
  -0.10000   0.17151
   0.00000   0.18802
   0.10000   0.20787
   0.20000   0.16990
   0.30000   0.09932
   0.40000   0.05363
   0.50000   0.04173
   0.60000   0.04063
   0.70000   0.03787
   0.80000   0.03156
   0.90000   0.02335
   1.00000   0.01440
   1.10000   0.00829
   1.20000   0.00963
   1.30000   0.01322
   1.40000   0.01262
   1.50000   0.01204
   1.60000   0.01453
   1.70000   0.01651
   1.80000   0.01295
   1.90000   0.00527
   2.00000   0.00070
   2.10000   0.00000
   2.20000   0.00000
   2.30000   0.00000
   2.40000   0.00000
   2.50000   0.00000
   2.60000   0.00000
   2.70000   0.00000
   2.80000   0.00000
   2.90000   0.00000
   3.00000   0.00000
