 acetoxyaceticacid sigma-profile (sigma [e/nm^2], p(sigma)*At [nm^2])
  -3.00000   0.00000
  -2.90000   0.00000
  -2.80000   0.00000
  -2.70000   0.00000
  -2.60000   0.00000
  -2.50000   0.00000
  -2.40000   0.00000
  -2.30000   0.00000
  -2.20000   0.00057
  -2.10000   0.00519
  -2.00000   0.01172
  -1.90000   0.01313
  -1.80000   0.01131
  -1.70000   0.00800
  -1.60000   0.00448
  -1.50000   0.00614
  -1.40000   0.00887
  -1.30000   0.00610
  -1.20000   0.00393
  -1.10000   0.01492
  -1.00000   0.03441
  -0.90000   0.05172
  -0.80000   0.06582
  -0.70000   0.07052
  -0.60000   0.07469
  -0.50000   0.08510
  -0.40000   0.08807
  -0.30000   0.08508
  -0.20000   0.08311
  -0.10000   0.06923
   0.00000   0.04498
   0.10000   0.03689
   0.20000   0.04044
   0.30000   0.03488
   0.40000   0.02475
   0.50000   0.02561
   0.60000   0.03697
   0.70000   0.04296
   0.80000   0.04801
   0.90000   0.05728
   1.00000   0.06129
   1.10000   0.06572
   1.20000   0.06464
   1.30000   0.04565
   1.40000   0.02306
   1.50000   0.00899
   1.60000   0.00210
   1.70000   0.00011
   1.80000   0.00000
   1.90000   0.00000
   2.00000   0.00000
   2.10000   0.00000
   2.20000   0.00000
   2.30000   0.00000
   2.40000   0.00000
   2.50000   0.00000
   2.60000   0.00000
   2.70000   0.00000
   2.80000   0.00000
   2.90000   0.00000
   3.00000   0.00000
