 4-(1,1,3,3-tetramethylbutyl)-phenol sigma-profile (sigma [e/nm^2], p(sigma)*At [nm^2])
  -3.00000   0.00000
  -2.90000   0.00000
  -2.80000   0.00000
  -2.70000   0.00000
  -2.60000   0.00000
  -2.50000   0.00000
  -2.40000   0.00000
  -2.30000   0.00000
  -2.20000   0.00000
  -2.10000   0.00050
  -2.00000   0.00337
  -1.90000   0.00869
  -1.80000   0.01108
  -1.70000   0.00910
  -1.60000   0.00858
  -1.50000   0.00897
  -1.40000   0.00673
  -1.30000   0.00443
  -1.20000   0.00510
  -1.10000   0.00716
  -1.00000   0.00719
  -0.90000   0.00964
  -0.80000   0.02397
  -0.70000   0.04435
  -0.60000   0.05967
  -0.50000   0.09977
  -0.40000   0.17530
  -0.30000   0.21869
  -0.20000   0.21718
  -0.10000   0.20999
   0.00000   0.18695
   0.10000   0.18292
   0.20000   0.23947
   0.30000   0.26077
   0.40000   0.18206
   0.50000   0.10130
   0.60000   0.07327
   0.70000   0.05328
   0.80000   0.02849
   0.90000   0.01308
   1.00000   0.00984
   1.10000   0.01460
   1.20000   0.01904
   1.30000   0.01691
   1.40000   0.00823
   1.50000   0.00135
   1.60000   0.00000
   1.70000   0.00000
   1.80000   0.00000
   1.90000   0.00000
   2.00000   0.00000
   2.10000   0.00000
   2.20000   0.00000
   2.30000   0.00000
   2.40000   0.00000
   2.50000   0.00000
   2.60000   0.00000
   2.70000   0.00000
   2.80000   0.00000
   2.90000   0.00000
   3.00000   0.00000
