 aceticacidphenylmethylester sigma-profile (sigma [e/nm^2], p(sigma)*At [nm^2])
  -3.00000   0.00000
  -2.90000   0.00000
  -2.80000   0.00000
  -2.70000   0.00000
  -2.60000   0.00000
  -2.50000   0.00000
  -2.40000   0.00000
  -2.30000   0.00000
  -2.20000   0.00000
  -2.10000   0.00000
  -2.00000   0.00000
  -1.90000   0.00000
  -1.80000   0.00000
  -1.70000   0.00000
  -1.60000   0.00000
  -1.50000   0.00000
  -1.40000   0.00000
  -1.30000   0.00000
  -1.20000   0.00000
  -1.10000   0.00000
  -1.00000   0.00014
  -0.90000   0.01959
  -0.80000   0.08343
  -0.70000   0.14229
  -0.60000   0.14514
  -0.50000   0.13686
  -0.40000   0.13504
  -0.30000   0.12986
  -0.20000   0.13583
  -0.10000   0.13414
   0.00000   0.10600
   0.10000   0.07791
   0.20000   0.08141
   0.30000   0.10247
   0.40000   0.12665
   0.50000   0.12164
   0.60000   0.06799
   0.70000   0.02661
   0.80000   0.01881
   0.90000   0.02002
   1.00000   0.02273
   1.10000   0.02693
   1.20000   0.03492
   1.30000   0.03551
   1.40000   0.02541
   1.50000   0.01547
   1.60000   0.00749
   1.70000   0.00179
   1.80000   0.00009
   1.90000   0.00000
   2.00000   0.00000
   2.10000   0.00000
   2.20000   0.00000
   2.30000   0.00000
   2.40000   0.00000
   2.50000   0.00000
   2.60000   0.00000
   2.70000   0.00000
   2.80000   0.00000
   2.90000   0.00000
   3.00000   0.00000
