 2-propenoicacidethylester sigma-profile (sigma [e/nm^2], p(sigma)*At [nm^2])
  -3.00000   0.00000
  -2.90000   0.00000
  -2.80000   0.00000
  -2.70000   0.00000
  -2.60000   0.00000
  -2.50000   0.00000
  -2.40000   0.00000
  -2.30000   0.00000
  -2.20000   0.00000
  -2.10000   0.00000
  -2.00000   0.00000
  -1.90000   0.00000
  -1.80000   0.00000
  -1.70000   0.00000
  -1.60000   0.00000
  -1.50000   0.00000
  -1.40000   0.00000
  -1.30000   0.00000
  -1.20000   0.00000
  -1.10000   0.00000
  -1.00000   0.00360
  -0.90000   0.01818
  -0.80000   0.04138
  -0.70000   0.06789
  -0.60000   0.09375
  -0.50000   0.10704
  -0.40000   0.11999
  -0.30000   0.13540
  -0.20000   0.12680
  -0.10000   0.11328
   0.00000   0.11649
   0.10000   0.10704
   0.20000   0.07785
   0.30000   0.05676
   0.40000   0.04724
   0.50000   0.03461
   0.60000   0.01956
   0.70000   0.01632
   0.80000   0.02123
   0.90000   0.02007
   1.00000   0.01938
   1.10000   0.02520
   1.20000   0.03302
   1.30000   0.03552
   1.40000   0.02694
   1.50000   0.01364
   1.60000   0.00400
   1.70000   0.00028
   1.80000   0.00000
   1.90000   0.00000
   2.00000   0.00000
   2.10000   0.00000
   2.20000   0.00000
   2.30000   0.00000
   2.40000   0.00000
   2.50000   0.00000
   2.60000   0.00000
   2.70000   0.00000
   2.80000   0.00000
   2.90000   0.00000
   3.00000   0.00000
