 1-piperazineethanamine sigma-profile (sigma [e/nm^2], p(sigma)*At [nm^2])
  -3.00000   0.00000
  -2.90000   0.00000
  -2.80000   0.00000
  -2.70000   0.00000
  -2.60000   0.00000
  -2.50000   0.00000
  -2.40000   0.00000
  -2.30000   0.00000
  -2.20000   0.00000
  -2.10000   0.00000
  -2.00000   0.00000
  -1.90000   0.00000
  -1.80000   0.00000
  -1.70000   0.00000
  -1.60000   0.00000
  -1.50000   0.00000
  -1.40000   0.00000
  -1.30000   0.00231
  -1.20000   0.01194
  -1.10000   0.02257
  -1.00000   0.02444
  -0.90000   0.02438
  -0.80000   0.02548
  -0.70000   0.03165
  -0.60000   0.06905
  -0.50000   0.11989
  -0.40000   0.14623
  -0.30000   0.17109
  -0.20000   0.19673
  -0.10000   0.20106
   0.00000   0.18206
   0.10000   0.13581
   0.20000   0.08137
   0.30000   0.04448
   0.40000   0.02571
   0.50000   0.01732
   0.60000   0.01576
   0.70000   0.01667
   0.80000   0.01607
   0.90000   0.01512
   1.00000   0.01493
   1.10000   0.01513
   1.20000   0.01551
   1.30000   0.01412
   1.40000   0.01045
   1.50000   0.00914
   1.60000   0.01215
   1.70000   0.01332
   1.80000   0.01179
   1.90000   0.00967
   2.00000   0.00670
   2.10000   0.00736
   2.20000   0.01130
   2.30000   0.01166
   2.40000   0.00815
   2.50000   0.00418
   2.60000   0.00113
   2.70000   0.00000
   2.80000   0.00000
   2.90000   0.00000
   3.00000   0.00000
