 4-methyl-3-penten-2-one sigma-profile (sigma [e/nm^2], p(sigma)*At [nm^2])
  -3.00000   0.00000
  -2.90000   0.00000
  -2.80000   0.00000
  -2.70000   0.00000
  -2.60000   0.00000
  -2.50000   0.00000
  -2.40000   0.00000
  -2.30000   0.00000
  -2.20000   0.00000
  -2.10000   0.00000
  -2.00000   0.00000
  -1.90000   0.00000
  -1.80000   0.00000
  -1.70000   0.00000
  -1.60000   0.00000
  -1.50000   0.00000
  -1.40000   0.00000
  -1.30000   0.00000
  -1.20000   0.00000
  -1.10000   0.00000
  -1.00000   0.00000
  -0.90000   0.00059
  -0.80000   0.01534
  -0.70000   0.06351
  -0.60000   0.11527
  -0.50000   0.12708
  -0.40000   0.12489
  -0.30000   0.12220
  -0.20000   0.11508
  -0.10000   0.13528
   0.00000   0.16738
   0.10000   0.15257
   0.20000   0.09039
   0.30000   0.04609
   0.40000   0.03781
   0.50000   0.03169
   0.60000   0.01797
   0.70000   0.00946
   0.80000   0.00872
   0.90000   0.00898
   1.00000   0.01171
   1.10000   0.01632
   1.20000   0.02075
   1.30000   0.02617
   1.40000   0.02624
   1.50000   0.01869
   1.60000   0.01191
   1.70000   0.00818
   1.80000   0.00550
   1.90000   0.00272
   2.00000   0.00057
   2.10000   0.00000
   2.20000   0.00000
   2.30000   0.00000
   2.40000   0.00000
   2.50000   0.00000
   2.60000   0.00000
   2.70000   0.00000
   2.80000   0.00000
   2.90000   0.00000
   3.00000   0.00000
