 ethylacetate sigma-profile (sigma [e/nm^2], p(sigma)*At [nm^2])
  -3.00000   0.00000
  -2.90000   0.00000
  -2.80000   0.00000
  -2.70000   0.00000
  -2.60000   0.00000
  -2.50000   0.00000
  -2.40000   0.00000
  -2.30000   0.00000
  -2.20000   0.00000
  -2.10000   0.00000
  -2.00000   0.00000
  -1.90000   0.00000
  -1.80000   0.00000
  -1.70000   0.00000
  -1.60000   0.00000
  -1.50000   0.00000
  -1.40000   0.00000
  -1.30000   0.00000
  -1.20000   0.00000
  -1.10000   0.00000
  -1.00000   0.00015
  -0.90000   0.00588
  -0.80000   0.02838
  -0.70000   0.06761
  -0.60000   0.10298
  -0.50000   0.11906
  -0.40000   0.12402
  -0.30000   0.12853
  -0.20000   0.12734
  -0.10000   0.11790
   0.00000   0.10260
   0.10000   0.07484
   0.20000   0.04388
   0.30000   0.02612
   0.40000   0.02010
   0.50000   0.01850
   0.60000   0.01670
   0.70000   0.01716
   0.80000   0.02090
   0.90000   0.02134
   1.00000   0.01940
   1.10000   0.02232
   1.20000   0.03330
   1.30000   0.03902
   1.40000   0.02934
   1.50000   0.01777
   1.60000   0.00940
   1.70000   0.00281
   1.80000   0.00038
   1.90000   0.00000
   2.00000   0.00000
   2.10000   0.00000
   2.20000   0.00000
   2.30000   0.00000
   2.40000   0.00000
   2.50000   0.00000
   2.60000   0.00000
   2.70000   0.00000
   2.80000   0.00000
   2.90000   0.00000
   3.00000   0.00000
