 diethylmaleate sigma-profile (sigma [e/nm^2], p(sigma)*At [nm^2])
  -3.00000   0.00000
  -2.90000   0.00000
  -2.80000   0.00000
  -2.70000   0.00000
  -2.60000   0.00000
  -2.50000   0.00000
  -2.40000   0.00000
  -2.30000   0.00000
  -2.20000   0.00000
  -2.10000   0.00000
  -2.00000   0.00000
  -1.90000   0.00000
  -1.80000   0.00000
  -1.70000   0.00000
  -1.60000   0.00000
  -1.50000   0.00000
  -1.40000   0.00000
  -1.30000   0.00000
  -1.20000   0.00238
  -1.10000   0.01219
  -1.00000   0.02541
  -0.90000   0.03230
  -0.80000   0.05117
  -0.70000   0.09947
  -0.60000   0.14922
  -0.50000   0.17955
  -0.40000   0.19808
  -0.30000   0.19613
  -0.20000   0.16476
  -0.10000   0.14404
   0.00000   0.15622
   0.10000   0.14412
   0.20000   0.09279
   0.30000   0.05596
   0.40000   0.04527
   0.50000   0.04025
   0.60000   0.03408
   0.70000   0.03534
   0.80000   0.04290
   0.90000   0.04627
   1.00000   0.05063
   1.10000   0.06247
   1.20000   0.06896
   1.30000   0.05380
   1.40000   0.02950
   1.50000   0.01234
   1.60000   0.00300
   1.70000   0.00014
   1.80000   0.00000
   1.90000   0.00000
   2.00000   0.00000
   2.10000   0.00000
   2.20000   0.00000
   2.30000   0.00000
   2.40000   0.00000
   2.50000   0.00000
   2.60000   0.00000
   2.70000   0.00000
   2.80000   0.00000
   2.90000   0.00000
   3.00000   0.00000
