 dodecamethylpentasiloxane sigma-profile (sigma [e/nm^2], p(sigma)*At [nm^2])
  -3.00000   0.00000
  -2.90000   0.00000
  -2.80000   0.00000
  -2.70000   0.00000
  -2.60000   0.00000
  -2.50000   0.00000
  -2.40000   0.00000
  -2.30000   0.00000
  -2.20000   0.00000
  -2.10000   0.00000
  -2.00000   0.00000
  -1.90000   0.00000
  -1.80000   0.00000
  -1.70000   0.00000
  -1.60000   0.00000
  -1.50000   0.00000
  -1.40000   0.00000
  -1.30000   0.00000
  -1.20000   0.00000
  -1.10000   0.00000
  -1.00000   0.00000
  -0.90000   0.00000
  -0.80000   0.00088
  -0.70000   0.04390
  -0.60000   0.18147
  -0.50000   0.34705
  -0.40000   0.42241
  -0.30000   0.42134
  -0.20000   0.41685
  -0.10000   0.37008
   0.00000   0.32256
   0.10000   0.39482
   0.20000   0.46591
   0.30000   0.40104
   0.40000   0.27511
   0.50000   0.16045
   0.60000   0.07008
   0.70000   0.02660
   0.80000   0.02111
   0.90000   0.02703
   1.00000   0.03331
   1.10000   0.03247
   1.20000   0.02736
   1.30000   0.02407
   1.40000   0.02069
   1.50000   0.01179
   1.60000   0.00290
   1.70000   0.00000
   1.80000   0.00000
   1.90000   0.00000
   2.00000   0.00000
   2.10000   0.00000
   2.20000   0.00000
   2.30000   0.00000
   2.40000   0.00000
   2.50000   0.00000
   2.60000   0.00000
   2.70000   0.00000
   2.80000   0.00000
   2.90000   0.00000
   3.00000   0.00000
