 2,4,4-trimethyl-2-pentanethiol sigma-profile (sigma [e/nm^2], p(sigma)*At [nm^2])
  -3.00000   0.00000
  -2.90000   0.00000
  -2.80000   0.00000
  -2.70000   0.00000
  -2.60000   0.00000
  -2.50000   0.00000
  -2.40000   0.00000
  -2.30000   0.00000
  -2.20000   0.00000
  -2.10000   0.00000
  -2.00000   0.00000
  -1.90000   0.00000
  -1.80000   0.00000
  -1.70000   0.00000
  -1.60000   0.00000
  -1.50000   0.00000
  -1.40000   0.00000
  -1.30000   0.00000
  -1.20000   0.00000
  -1.10000   0.00198
  -1.00000   0.00709
  -0.90000   0.01134
  -0.80000   0.01221
  -0.70000   0.01516
  -0.60000   0.04212
  -0.50000   0.11461
  -0.40000   0.18800
  -0.30000   0.20447
  -0.20000   0.18856
  -0.10000   0.16831
   0.00000   0.15827
   0.10000   0.18680
   0.20000   0.21338
   0.30000   0.16676
   0.40000   0.07875
   0.50000   0.03385
   0.60000   0.02853
   0.70000   0.02502
   0.80000   0.02336
   0.90000   0.02238
   1.00000   0.02008
   1.10000   0.01770
   1.20000   0.01557
   1.30000   0.01166
   1.40000   0.00450
   1.50000   0.00038
   1.60000   0.00000
   1.70000   0.00000
   1.80000   0.00000
   1.90000   0.00000
   2.00000   0.00000
   2.10000   0.00000
   2.20000   0.00000
   2.30000   0.00000
   2.40000   0.00000
   2.50000   0.00000
   2.60000   0.00000
   2.70000   0.00000
   2.80000   0.00000
   2.90000   0.00000
   3.00000   0.00000
