 2-propenoicacidbutylester sigma-profile (sigma [e/nm^2], p(sigma)*At [nm^2])
  -3.00000   0.00000
  -2.90000   0.00000
  -2.80000   0.00000
  -2.70000   0.00000
  -2.60000   0.00000
  -2.50000   0.00000
  -2.40000   0.00000
  -2.30000   0.00000
  -2.20000   0.00000
  -2.10000   0.00000
  -2.00000   0.00000
  -1.90000   0.00000
  -1.80000   0.00000
  -1.70000   0.00000
  -1.60000   0.00000
  -1.50000   0.00000
  -1.40000   0.00000
  -1.30000   0.00000
  -1.20000   0.00000
  -1.10000   0.00000
  -1.00000   0.00334
  -0.90000   0.01789
  -0.80000   0.03941
  -0.70000   0.05762
  -0.60000   0.07465
  -0.50000   0.10999
  -0.40000   0.16597
  -0.30000   0.19554
  -0.20000   0.18996
  -0.10000   0.17396
   0.00000   0.15414
   0.10000   0.14883
   0.20000   0.14092
   0.30000   0.10180
   0.40000   0.05752
   0.50000   0.03365
   0.60000   0.02128
   0.70000   0.01885
   0.80000   0.02232
   0.90000   0.01979
   1.00000   0.01819
   1.10000   0.02268
   1.20000   0.03246
   1.30000   0.03761
   1.40000   0.02760
   1.50000   0.01324
   1.60000   0.00402
   1.70000   0.00031
   1.80000   0.00000
   1.90000   0.00000
   2.00000   0.00000
   2.10000   0.00000
   2.20000   0.00000
   2.30000   0.00000
   2.40000   0.00000
   2.50000   0.00000
   2.60000   0.00000
   2.70000   0.00000
   2.80000   0.00000
   2.90000   0.00000
   3.00000   0.00000
