 1,3-dichloropropane sigma-profile (sigma [e/nm^2], p(sigma)*At [nm^2])
  -3.00000   0.00000
  -2.90000   0.00000
  -2.80000   0.00000
  -2.70000   0.00000
  -2.60000   0.00000
  -2.50000   0.00000
  -2.40000   0.00000
  -2.30000   0.00000
  -2.20000   0.00000
  -2.10000   0.00000
  -2.00000   0.00000
  -1.90000   0.00000
  -1.80000   0.00000
  -1.70000   0.00000
  -1.60000   0.00000
  -1.50000   0.00000
  -1.40000   0.00000
  -1.30000   0.00000
  -1.20000   0.00000
  -1.10000   0.00000
  -1.00000   0.00621
  -0.90000   0.03299
  -0.80000   0.07109
  -0.70000   0.09064
  -0.60000   0.08938
  -0.50000   0.08577
  -0.40000   0.08705
  -0.30000   0.08141
  -0.20000   0.06508
  -0.10000   0.04981
   0.00000   0.04601
   0.10000   0.04939
   0.20000   0.05471
   0.30000   0.07159
   0.40000   0.07854
   0.50000   0.07786
   0.60000   0.11043
   0.70000   0.12493
   0.80000   0.06991
   0.90000   0.01403
   1.00000   0.00000
   1.10000   0.00000
   1.20000   0.00000
   1.30000   0.00000
   1.40000   0.00000
   1.50000   0.00000
   1.60000   0.00000
   1.70000   0.00000
   1.80000   0.00000
   1.90000   0.00000
   2.00000   0.00000
   2.10000   0.00000
   2.20000   0.00000
   2.30000   0.00000
   2.40000   0.00000
   2.50000   0.00000
   2.60000   0.00000
   2.70000   0.00000
   2.80000   0.00000
   2.90000   0.00000
   3.00000   0.00000
