 n-hexanoicacid sigma-profile (sigma [e/nm^2], p(sigma)*At [nm^2])
  -3.00000   0.00000
  -2.90000   0.00000
  -2.80000   0.00000
  -2.70000   0.00000
  -2.60000   0.00000
  -2.50000   0.00000
  -2.40000   0.00000
  -2.30000   0.00000
  -2.20000   0.00000
  -2.10000   0.00045
  -2.00000   0.00450
  -1.90000   0.01067
  -1.80000   0.01235
  -1.70000   0.01084
  -1.60000   0.00857
  -1.50000   0.00550
  -1.40000   0.00424
  -1.30000   0.00544
  -1.20000   0.00650
  -1.10000   0.00541
  -1.00000   0.00404
  -0.90000   0.00593
  -0.80000   0.01820
  -0.70000   0.03476
  -0.60000   0.04206
  -0.50000   0.07246
  -0.40000   0.13571
  -0.30000   0.17188
  -0.20000   0.17382
  -0.10000   0.16483
   0.00000   0.13925
   0.10000   0.12176
   0.20000   0.12571
   0.30000   0.10532
   0.40000   0.05196
   0.50000   0.01762
   0.60000   0.01626
   0.70000   0.02445
   0.80000   0.02416
   0.90000   0.02201
   1.00000   0.02995
   1.10000   0.03758
   1.20000   0.03692
   1.30000   0.03064
   1.40000   0.02360
   1.50000   0.01517
   1.60000   0.00579
   1.70000   0.00085
   1.80000   0.00000
   1.90000   0.00000
   2.00000   0.00000
   2.10000   0.00000
   2.20000   0.00000
   2.30000   0.00000
   2.40000   0.00000
   2.50000   0.00000
   2.60000   0.00000
   2.70000   0.00000
   2.80000   0.00000
   2.90000   0.00000
   3.00000   0.00000
