 n-hexylacetate sigma-profile (sigma [e/nm^2], p(sigma)*At [nm^2])
  -3.00000   0.00000
  -2.90000   0.00000
  -2.80000   0.00000
  -2.70000   0.00000
  -2.60000   0.00000
  -2.50000   0.00000
  -2.40000   0.00000
  -2.30000   0.00000
  -2.20000   0.00000
  -2.10000   0.00000
  -2.00000   0.00000
  -1.90000   0.00000
  -1.80000   0.00000
  -1.70000   0.00000
  -1.60000   0.00000
  -1.50000   0.00000
  -1.40000   0.00000
  -1.30000   0.00000
  -1.20000   0.00000
  -1.10000   0.00000
  -1.00000   0.00000
  -0.90000   0.00561
  -0.80000   0.02745
  -0.70000   0.05738
  -0.60000   0.07931
  -0.50000   0.12019
  -0.40000   0.18939
  -0.30000   0.23706
  -0.20000   0.24963
  -0.10000   0.23973
   0.00000   0.20200
   0.10000   0.16341
   0.20000   0.14665
   0.30000   0.11215
   0.40000   0.05473
   0.50000   0.02329
   0.60000   0.01950
   0.70000   0.01925
   0.80000   0.01898
   0.90000   0.01941
   1.00000   0.02059
   1.10000   0.02360
   1.20000   0.03178
   1.30000   0.03689
   1.40000   0.02943
   1.50000   0.01903
   1.60000   0.01031
   1.70000   0.00315
   1.80000   0.00039
   1.90000   0.00000
   2.00000   0.00000
   2.10000   0.00000
   2.20000   0.00000
   2.30000   0.00000
   2.40000   0.00000
   2.50000   0.00000
   2.60000   0.00000
   2.70000   0.00000
   2.80000   0.00000
   2.90000   0.00000
   3.00000   0.00000
