 cyclopentene sigma-profile (sigma [e/nm^2], p(sigma)*At [nm^2])
  -3.00000   0.00000
  -2.90000   0.00000
  -2.80000   0.00000
  -2.70000   0.00000
  -2.60000   0.00000
  -2.50000   0.00000
  -2.40000   0.00000
  -2.30000   0.00000
  -2.20000   0.00000
  -2.10000   0.00000
  -2.00000   0.00000
  -1.90000   0.00000
  -1.80000   0.00000
  -1.70000   0.00000
  -1.60000   0.00000
  -1.50000   0.00000
  -1.40000   0.00000
  -1.30000   0.00000
  -1.20000   0.00000
  -1.10000   0.00000
  -1.00000   0.00000
  -0.90000   0.00000
  -0.80000   0.00224
  -0.70000   0.01131
  -0.60000   0.02761
  -0.50000   0.05701
  -0.40000   0.09727
  -0.30000   0.11522
  -0.20000   0.10606
  -0.10000   0.10747
   0.00000   0.13248
   0.10000   0.15313
   0.20000   0.13040
   0.30000   0.07440
   0.40000   0.03697
   0.50000   0.02780
   0.60000   0.02537
   0.70000   0.02265
   0.80000   0.01851
   0.90000   0.01340
   1.00000   0.00744
   1.10000   0.00209
   1.20000   0.00012
   1.30000   0.00000
   1.40000   0.00000
   1.50000   0.00000
   1.60000   0.00000
   1.70000   0.00000
   1.80000   0.00000
   1.90000   0.00000
   2.00000   0.00000
   2.10000   0.00000
   2.20000   0.00000
   2.30000   0.00000
   2.40000   0.00000
   2.50000   0.00000
   2.60000   0.00000
   2.70000   0.00000
   2.80000   0.00000
   2.90000   0.00000
   3.00000   0.00000
