 di-n-butylether sigma-profile (sigma [e/nm^2], p(sigma)*At [nm^2])
  -3.00000   0.00000
  -2.90000   0.00000
  -2.80000   0.00000
  -2.70000   0.00000
  -2.60000   0.00000
  -2.50000   0.00000
  -2.40000   0.00000
  -2.30000   0.00000
  -2.20000   0.00000
  -2.10000   0.00000
  -2.00000   0.00000
  -1.90000   0.00000
  -1.80000   0.00000
  -1.70000   0.00000
  -1.60000   0.00000
  -1.50000   0.00000
  -1.40000   0.00000
  -1.30000   0.00000
  -1.20000   0.00000
  -1.10000   0.00000
  -1.00000   0.00000
  -0.90000   0.00000
  -0.80000   0.00000
  -0.70000   0.00000
  -0.60000   0.00589
  -0.50000   0.07650
  -0.40000   0.21017
  -0.30000   0.27674
  -0.20000   0.26912
  -0.10000   0.26423
   0.00000   0.25196
   0.10000   0.22936
   0.20000   0.20357
   0.30000   0.14016
   0.40000   0.05475
   0.50000   0.01632
   0.60000   0.01548
   0.70000   0.01191
   0.80000   0.00681
   0.90000   0.00550
   1.00000   0.00640
   1.10000   0.00868
   1.20000   0.01164
   1.30000   0.01101
   1.40000   0.00826
   1.50000   0.00924
   1.60000   0.01290
   1.70000   0.01243
   1.80000   0.00639
   1.90000   0.00127
   2.00000   0.00000
   2.10000   0.00000
   2.20000   0.00000
   2.30000   0.00000
   2.40000   0.00000
   2.50000   0.00000
   2.60000   0.00000
   2.70000   0.00000
   2.80000   0.00000
   2.90000   0.00000
   3.00000   0.00000
