 2-(ethylthio)-2-methylpropane sigma-profile (sigma [e/nm^2], p(sigma)*At [nm^2])
  -3.00000   0.00000
  -2.90000   0.00000
  -2.80000   0.00000
  -2.70000   0.00000
  -2.60000   0.00000
  -2.50000   0.00000
  -2.40000   0.00000
  -2.30000   0.00000
  -2.20000   0.00000
  -2.10000   0.00000
  -2.00000   0.00000
  -1.90000   0.00000
  -1.80000   0.00000
  -1.70000   0.00000
  -1.60000   0.00000
  -1.50000   0.00000
  -1.40000   0.00000
  -1.30000   0.00000
  -1.20000   0.00000
  -1.10000   0.00000
  -1.00000   0.00000
  -0.90000   0.00000
  -0.80000   0.00084
  -0.70000   0.01365
  -0.60000   0.06481
  -0.50000   0.13999
  -0.40000   0.17098
  -0.30000   0.16708
  -0.20000   0.16230
  -0.10000   0.14874
   0.00000   0.16497
   0.10000   0.20300
   0.20000   0.17264
   0.30000   0.07868
   0.40000   0.02768
   0.50000   0.02653
   0.60000   0.02631
   0.70000   0.02529
   0.80000   0.02421
   0.90000   0.02197
   1.00000   0.01894
   1.10000   0.01690
   1.20000   0.01596
   1.30000   0.01616
   1.40000   0.01390
   1.50000   0.00687
   1.60000   0.00131
   1.70000   0.00000
   1.80000   0.00000
   1.90000   0.00000
   2.00000   0.00000
   2.10000   0.00000
   2.20000   0.00000
   2.30000   0.00000
   2.40000   0.00000
   2.50000   0.00000
   2.60000   0.00000
   2.70000   0.00000
   2.80000   0.00000
   2.90000   0.00000
   3.00000   0.00000
