 1-bromododecane sigma-profile (sigma [e/nm^2], p(sigma)*At [nm^2])
  -3.00000   0.00000
  -2.90000   0.00000
  -2.80000   0.00000
  -2.70000   0.00000
  -2.60000   0.00000
  -2.50000   0.00000
  -2.40000   0.00000
  -2.30000   0.00000
  -2.20000   0.00000
  -2.10000   0.00000
  -2.00000   0.00000
  -1.90000   0.00000
  -1.80000   0.00000
  -1.70000   0.00000
  -1.60000   0.00000
  -1.50000   0.00000
  -1.40000   0.00000
  -1.30000   0.00000
  -1.20000   0.00000
  -1.10000   0.00000
  -1.00000   0.00040
  -0.90000   0.00847
  -0.80000   0.02471
  -0.70000   0.03118
  -0.60000   0.03603
  -0.50000   0.08130
  -0.40000   0.20021
  -0.30000   0.32841
  -0.20000   0.37228
  -0.10000   0.36852
   0.00000   0.35878
   0.10000   0.31845
   0.20000   0.26980
   0.30000   0.22317
   0.40000   0.14154
   0.50000   0.07089
   0.60000   0.06278
   0.70000   0.07691
   0.80000   0.06011
   0.90000   0.01933
   1.00000   0.00000
   1.10000   0.00000
   1.20000   0.00000
   1.30000   0.00000
   1.40000   0.00000
   1.50000   0.00000
   1.60000   0.00000
   1.70000   0.00000
   1.80000   0.00000
   1.90000   0.00000
   2.00000   0.00000
   2.10000   0.00000
   2.20000   0.00000
   2.30000   0.00000
   2.40000   0.00000
   2.50000   0.00000
   2.60000   0.00000
   2.70000   0.00000
   2.80000   0.00000
   2.90000   0.00000
   3.00000   0.00000
