 aceticacidnonylester sigma-profile (sigma [e/nm^2], p(sigma)*At [nm^2])
  -3.00000   0.00000
  -2.90000   0.00000
  -2.80000   0.00000
  -2.70000   0.00000
  -2.60000   0.00000
  -2.50000   0.00000
  -2.40000   0.00000
  -2.30000   0.00000
  -2.20000   0.00000
  -2.10000   0.00000
  -2.00000   0.00000
  -1.90000   0.00000
  -1.80000   0.00000
  -1.70000   0.00000
  -1.60000   0.00000
  -1.50000   0.00000
  -1.40000   0.00000
  -1.30000   0.00000
  -1.20000   0.00000
  -1.10000   0.00000
  -1.00000   0.00011
  -0.90000   0.00593
  -0.80000   0.02756
  -0.70000   0.05728
  -0.60000   0.07833
  -0.50000   0.11943
  -0.40000   0.21535
  -0.30000   0.30598
  -0.20000   0.33402
  -0.10000   0.32740
   0.00000   0.29539
   0.10000   0.24491
   0.20000   0.20704
   0.30000   0.16387
   0.40000   0.09296
   0.50000   0.03624
   0.60000   0.01897
   0.70000   0.01655
   0.80000   0.01767
   0.90000   0.02084
   1.00000   0.02255
   1.10000   0.02463
   1.20000   0.03248
   1.30000   0.03775
   1.40000   0.02936
   1.50000   0.01753
   1.60000   0.00918
   1.70000   0.00301
   1.80000   0.00037
   1.90000   0.00000
   2.00000   0.00000
   2.10000   0.00000
   2.20000   0.00000
   2.30000   0.00000
   2.40000   0.00000
   2.50000   0.00000
   2.60000   0.00000
   2.70000   0.00000
   2.80000   0.00000
   2.90000   0.00000
   3.00000   0.00000
