 1-nonanol sigma-profile (sigma [e/nm^2], p(sigma)*At [nm^2])
  -3.00000   0.00000
  -2.90000   0.00000
  -2.80000   0.00000
  -2.70000   0.00000
  -2.60000   0.00000
  -2.50000   0.00000
  -2.40000   0.00000
  -2.30000   0.00000
  -2.20000   0.00000
  -2.10000   0.00000
  -2.00000   0.00000
  -1.90000   0.00000
  -1.80000   0.00179
  -1.70000   0.00634
  -1.60000   0.00958
  -1.50000   0.00946
  -1.40000   0.00867
  -1.30000   0.00844
  -1.20000   0.00754
  -1.10000   0.00560
  -1.00000   0.00487
  -0.90000   0.00511
  -0.80000   0.00521
  -0.70000   0.00828
  -0.60000   0.01983
  -0.50000   0.06287
  -0.40000   0.16105
  -0.30000   0.24860
  -0.20000   0.27161
  -0.10000   0.27659
   0.00000   0.27400
   0.10000   0.24590
   0.20000   0.21135
   0.30000   0.17039
   0.40000   0.09588
   0.50000   0.02728
   0.60000   0.00744
   0.70000   0.00980
   0.80000   0.01089
   0.90000   0.00794
   1.00000   0.00633
   1.10000   0.00884
   1.20000   0.01337
   1.30000   0.01405
   1.40000   0.01082
   1.50000   0.01484
   1.60000   0.02148
   1.70000   0.01736
   1.80000   0.00760
   1.90000   0.00161
   2.00000   0.00003
   2.10000   0.00000
   2.20000   0.00000
   2.30000   0.00000
   2.40000   0.00000
   2.50000   0.00000
   2.60000   0.00000
   2.70000   0.00000
   2.80000   0.00000
   2.90000   0.00000
   3.00000   0.00000
