 2,2,4-trimethyl-1,3-pentanediol sigma-profile (sigma [e/nm^2], p(sigma)*At [nm^2])
  -3.00000   0.00000
  -2.90000   0.00000
  -2.80000   0.00000
  -2.70000   0.00000
  -2.60000   0.00000
  -2.50000   0.00000
  -2.40000   0.00000
  -2.30000   0.00000
  -2.20000   0.00000
  -2.10000   0.00000
  -2.00000   0.00000
  -1.90000   0.00043
  -1.80000   0.00245
  -1.70000   0.00478
  -1.60000   0.00550
  -1.50000   0.00610
  -1.40000   0.00613
  -1.30000   0.00437
  -1.20000   0.00328
  -1.10000   0.00482
  -1.00000   0.00758
  -0.90000   0.00916
  -0.80000   0.01254
  -0.70000   0.02484
  -0.60000   0.06555
  -0.50000   0.14406
  -0.40000   0.20035
  -0.30000   0.19469
  -0.20000   0.16884
  -0.10000   0.14975
   0.00000   0.15473
   0.10000   0.18380
   0.20000   0.17479
   0.30000   0.10444
   0.40000   0.03941
   0.50000   0.01725
   0.60000   0.01286
   0.70000   0.01161
   0.80000   0.01429
   0.90000   0.01735
   1.00000   0.01732
   1.10000   0.01370
   1.20000   0.01397
   1.30000   0.01936
   1.40000   0.02123
   1.50000   0.01914
   1.60000   0.01848
   1.70000   0.02035
   1.80000   0.01675
   1.90000   0.00763
   2.00000   0.00160
   2.10000   0.00000
   2.20000   0.00000
   2.30000   0.00000
   2.40000   0.00000
   2.50000   0.00000
   2.60000   0.00000
   2.70000   0.00000
   2.80000   0.00000
   2.90000   0.00000
   3.00000   0.00000
