 [3-(mercapto)propyl]triethoxysilane sigma-profile (sigma [e/nm^2], p(sigma)*At [nm^2])
  -3.00000   0.00000
  -2.90000   0.00000
  -2.80000   0.00000
  -2.70000   0.00000
  -2.60000   0.00000
  -2.50000   0.00000
  -2.40000   0.00000
  -2.30000   0.00000
  -2.20000   0.00000
  -2.10000   0.00000
  -2.00000   0.00000
  -1.90000   0.00000
  -1.80000   0.00000
  -1.70000   0.00000
  -1.60000   0.00000
  -1.50000   0.00000
  -1.40000   0.00000
  -1.30000   0.00000
  -1.20000   0.00017
  -1.10000   0.00399
  -1.00000   0.01116
  -0.90000   0.01487
  -0.80000   0.02088
  -0.70000   0.05291
  -0.60000   0.13998
  -0.50000   0.24944
  -0.40000   0.30154
  -0.30000   0.30447
  -0.20000   0.30202
  -0.10000   0.28176
   0.00000   0.25290
   0.10000   0.24246
   0.20000   0.20354
   0.30000   0.11977
   0.40000   0.07009
   0.50000   0.06440
   0.60000   0.05884
   0.70000   0.05147
   0.80000   0.04973
   0.90000   0.05214
   1.00000   0.05121
   1.10000   0.04777
   1.20000   0.04218
   1.30000   0.02927
   1.40000   0.01993
   1.50000   0.01819
   1.60000   0.01205
   1.70000   0.00343
   1.80000   0.00013
   1.90000   0.00000
   2.00000   0.00000
   2.10000   0.00000
   2.20000   0.00000
   2.30000   0.00000
   2.40000   0.00000
   2.50000   0.00000
   2.60000   0.00000
   2.70000   0.00000
   2.80000   0.00000
   2.90000   0.00000
   3.00000   0.00000
