 2(3h)-benzothiazolethione sigma-profile (sigma [e/nm^2], p(sigma)*At [nm^2])
  -3.00000   0.00000
  -2.90000   0.00000
  -2.80000   0.00000
  -2.70000   0.00000
  -2.60000   0.00000
  -2.50000   0.00000
  -2.40000   0.00000
  -2.30000   0.00000
  -2.20000   0.00000
  -2.10000   0.00038
  -2.00000   0.00469
  -1.90000   0.01111
  -1.80000   0.01252
  -1.70000   0.01077
  -1.60000   0.00960
  -1.50000   0.00772
  -1.40000   0.00513
  -1.30000   0.00447
  -1.20000   0.00625
  -1.10000   0.01081
  -1.00000   0.02285
  -0.90000   0.04287
  -0.80000   0.06193
  -0.70000   0.06949
  -0.60000   0.06606
  -0.50000   0.06249
  -0.40000   0.06952
  -0.30000   0.08669
  -0.20000   0.10332
  -0.10000   0.11564
   0.00000   0.12951
   0.10000   0.14728
   0.20000   0.15621
   0.30000   0.14142
   0.40000   0.10263
   0.50000   0.05931
   0.60000   0.03858
   0.70000   0.04093
   0.80000   0.04739
   0.90000   0.05161
   1.00000   0.05230
   1.10000   0.04327
   1.20000   0.02684
   1.30000   0.01235
   1.40000   0.00329
   1.50000   0.00000
   1.60000   0.00000
   1.70000   0.00000
   1.80000   0.00000
   1.90000   0.00000
   2.00000   0.00000
   2.10000   0.00000
   2.20000   0.00000
   2.30000   0.00000
   2.40000   0.00000
   2.50000   0.00000
   2.60000   0.00000
   2.70000   0.00000
   2.80000   0.00000
   2.90000   0.00000
   3.00000   0.00000
