 2-bromo-2-chloro-1,1,1-trifluoroethane sigma-profile (sigma [e/nm^2], p(sigma)*At [nm^2])
  -3.00000   0.00000
  -2.90000   0.00000
  -2.80000   0.00000
  -2.70000   0.00000
  -2.60000   0.00000
  -2.50000   0.00000
  -2.40000   0.00000
  -2.30000   0.00000
  -2.20000   0.00000
  -2.10000   0.00000
  -2.00000   0.00000
  -1.90000   0.00000
  -1.80000   0.00000
  -1.70000   0.00000
  -1.60000   0.00185
  -1.50000   0.01162
  -1.40000   0.02085
  -1.30000   0.01686
  -1.20000   0.01083
  -1.10000   0.00983
  -1.00000   0.00946
  -0.90000   0.00862
  -0.80000   0.01132
  -0.70000   0.01962
  -0.60000   0.02942
  -0.50000   0.03837
  -0.40000   0.03972
  -0.30000   0.03936
  -0.20000   0.05369
  -0.10000   0.07310
   0.00000   0.10680
   0.10000   0.19473
   0.20000   0.29282
   0.30000   0.26773
   0.40000   0.12342
   0.50000   0.02033
   0.60000   0.00000
   0.70000   0.00000
   0.80000   0.00000
   0.90000   0.00000
   1.00000   0.00000
   1.10000   0.00000
   1.20000   0.00000
   1.30000   0.00000
   1.40000   0.00000
   1.50000   0.00000
   1.60000   0.00000
   1.70000   0.00000
   1.80000   0.00000
   1.90000   0.00000
   2.00000   0.00000
   2.10000   0.00000
   2.20000   0.00000
   2.30000   0.00000
   2.40000   0.00000
   2.50000   0.00000
   2.60000   0.00000
   2.70000   0.00000
   2.80000   0.00000
   2.90000   0.00000
   3.00000   0.00000
