 1,1',1''-(1-ethanyl-2-ylidene)trisbenzene sigma-profile (sigma [e/nm^2], p(sigma)*At [nm^2])
  -3.00000   0.00000
  -2.90000   0.00000
  -2.80000   0.00000
  -2.70000   0.00000
  -2.60000   0.00000
  -2.50000   0.00000
  -2.40000   0.00000
  -2.30000   0.00000
  -2.20000   0.00000
  -2.10000   0.00000
  -2.00000   0.00000
  -1.90000   0.00000
  -1.80000   0.00000
  -1.70000   0.00000
  -1.60000   0.00000
  -1.50000   0.00000
  -1.40000   0.00000
  -1.30000   0.00000
  -1.20000   0.00000
  -1.10000   0.00000
  -1.00000   0.00031
  -0.90000   0.00620
  -0.80000   0.06115
  -0.70000   0.16667
  -0.60000   0.22212
  -0.50000   0.21051
  -0.40000   0.20523
  -0.30000   0.20110
  -0.20000   0.18048
  -0.10000   0.17607
   0.00000   0.18048
   0.10000   0.16207
   0.20000   0.16370
   0.30000   0.20142
   0.40000   0.23408
   0.50000   0.28045
   0.60000   0.26234
   0.70000   0.12655
   0.80000   0.02114
   0.90000   0.00000
   1.00000   0.00000
   1.10000   0.00000
   1.20000   0.00000
   1.30000   0.00000
   1.40000   0.00000
   1.50000   0.00000
   1.60000   0.00000
   1.70000   0.00000
   1.80000   0.00000
   1.90000   0.00000
   2.00000   0.00000
   2.10000   0.00000
   2.20000   0.00000
   2.30000   0.00000
   2.40000   0.00000
   2.50000   0.00000
   2.60000   0.00000
   2.70000   0.00000
   2.80000   0.00000
   2.90000   0.00000
   3.00000   0.00000
