 ethylnorbornene sigma-profile (sigma [e/nm^2], p(sigma)*At [nm^2])
  -3.00000   0.00000
  -2.90000   0.00000
  -2.80000   0.00000
  -2.70000   0.00000
  -2.60000   0.00000
  -2.50000   0.00000
  -2.40000   0.00000
  -2.30000   0.00000
  -2.20000   0.00000
  -2.10000   0.00000
  -2.00000   0.00000
  -1.90000   0.00000
  -1.80000   0.00000
  -1.70000   0.00000
  -1.60000   0.00000
  -1.50000   0.00000
  -1.40000   0.00000
  -1.30000   0.00000
  -1.20000   0.00000
  -1.10000   0.00000
  -1.00000   0.00000
  -0.90000   0.00000
  -0.80000   0.00333
  -0.70000   0.01303
  -0.60000   0.02937
  -0.50000   0.07024
  -0.40000   0.13529
  -0.30000   0.17206
  -0.20000   0.17386
  -0.10000   0.16956
   0.00000   0.17980
   0.10000   0.21678
   0.20000   0.22204
   0.30000   0.15467
   0.40000   0.06806
   0.50000   0.02892
   0.60000   0.02467
   0.70000   0.01809
   0.80000   0.01524
   0.90000   0.01358
   1.00000   0.00799
   1.10000   0.00463
   1.20000   0.00213
   1.30000   0.00023
   1.40000   0.00000
   1.50000   0.00000
   1.60000   0.00000
   1.70000   0.00000
   1.80000   0.00000
   1.90000   0.00000
   2.00000   0.00000
   2.10000   0.00000
   2.20000   0.00000
   2.30000   0.00000
   2.40000   0.00000
   2.50000   0.00000
   2.60000   0.00000
   2.70000   0.00000
   2.80000   0.00000
   2.90000   0.00000
   3.00000   0.00000
