 2-ethyl-tetrahydrothiophene sigma-profile (sigma [e/nm^2], p(sigma)*At [nm^2])
  -3.00000   0.00000
  -2.90000   0.00000
  -2.80000   0.00000
  -2.70000   0.00000
  -2.60000   0.00000
  -2.50000   0.00000
  -2.40000   0.00000
  -2.30000   0.00000
  -2.20000   0.00000
  -2.10000   0.00000
  -2.00000   0.00000
  -1.90000   0.00000
  -1.80000   0.00000
  -1.70000   0.00000
  -1.60000   0.00000
  -1.50000   0.00000
  -1.40000   0.00000
  -1.30000   0.00000
  -1.20000   0.00000
  -1.10000   0.00000
  -1.00000   0.00000
  -0.90000   0.00000
  -0.80000   0.00106
  -0.70000   0.01114
  -0.60000   0.05047
  -0.50000   0.11622
  -0.40000   0.16215
  -0.30000   0.17209
  -0.20000   0.17812
  -0.10000   0.17842
   0.00000   0.16387
   0.10000   0.14959
   0.20000   0.11726
   0.30000   0.06335
   0.40000   0.02954
   0.50000   0.02858
   0.60000   0.03287
   0.70000   0.02620
   0.80000   0.01989
   0.90000   0.02154
   1.00000   0.02227
   1.10000   0.01984
   1.20000   0.01898
   1.30000   0.01697
   1.40000   0.01083
   1.50000   0.00368
   1.60000   0.00032
   1.70000   0.00000
   1.80000   0.00000
   1.90000   0.00000
   2.00000   0.00000
   2.10000   0.00000
   2.20000   0.00000
   2.30000   0.00000
   2.40000   0.00000
   2.50000   0.00000
   2.60000   0.00000
   2.70000   0.00000
   2.80000   0.00000
   2.90000   0.00000
   3.00000   0.00000
