 3-methyl-2-thiabutane sigma-profile (sigma [e/nm^2], p(sigma)*At [nm^2])
  -3.00000   0.00000
  -2.90000   0.00000
  -2.80000   0.00000
  -2.70000   0.00000
  -2.60000   0.00000
  -2.50000   0.00000
  -2.40000   0.00000
  -2.30000   0.00000
  -2.20000   0.00000
  -2.10000   0.00000
  -2.00000   0.00000
  -1.90000   0.00000
  -1.80000   0.00000
  -1.70000   0.00000
  -1.60000   0.00000
  -1.50000   0.00000
  -1.40000   0.00000
  -1.30000   0.00000
  -1.20000   0.00000
  -1.10000   0.00000
  -1.00000   0.00000
  -0.90000   0.00072
  -0.80000   0.00831
  -0.70000   0.03218
  -0.60000   0.07340
  -0.50000   0.11444
  -0.40000   0.12563
  -0.30000   0.11917
  -0.20000   0.12283
  -0.10000   0.12877
   0.00000   0.13488
   0.10000   0.13759
   0.20000   0.10838
   0.30000   0.05312
   0.40000   0.02576
   0.50000   0.02792
   0.60000   0.02924
   0.70000   0.02755
   0.80000   0.02349
   0.90000   0.02129
   1.00000   0.02056
   1.10000   0.01842
   1.20000   0.01724
   1.30000   0.01606
   1.40000   0.01118
   1.50000   0.00384
   1.60000   0.00018
   1.70000   0.00000
   1.80000   0.00000
   1.90000   0.00000
   2.00000   0.00000
   2.10000   0.00000
   2.20000   0.00000
   2.30000   0.00000
   2.40000   0.00000
   2.50000   0.00000
   2.60000   0.00000
   2.70000   0.00000
   2.80000   0.00000
   2.90000   0.00000
   3.00000   0.00000
