 cis-1,2-dichloroethene sigma-profile (sigma [e/nm^2], p(sigma)*At [nm^2])
  -3.00000   0.00000
  -2.90000   0.00000
  -2.80000   0.00000
  -2.70000   0.00000
  -2.60000   0.00000
  -2.50000   0.00000
  -2.40000   0.00000
  -2.30000   0.00000
  -2.20000   0.00000
  -2.10000   0.00000
  -2.00000   0.00000
  -1.90000   0.00000
  -1.80000   0.00000
  -1.70000   0.00000
  -1.60000   0.00000
  -1.50000   0.00000
  -1.40000   0.00000
  -1.30000   0.00143
  -1.20000   0.01329
  -1.10000   0.02938
  -1.00000   0.03204
  -0.90000   0.02682
  -0.80000   0.02214
  -0.70000   0.02097
  -0.60000   0.02352
  -0.50000   0.03031
  -0.40000   0.03867
  -0.30000   0.04700
  -0.20000   0.05361
  -0.10000   0.05598
   0.00000   0.07967
   0.10000   0.10776
   0.20000   0.11212
   0.30000   0.13001
   0.40000   0.14460
   0.50000   0.10338
   0.60000   0.04127
   0.70000   0.00912
   0.80000   0.00123
   0.90000   0.00000
   1.00000   0.00000
   1.10000   0.00000
   1.20000   0.00000
   1.30000   0.00000
   1.40000   0.00000
   1.50000   0.00000
   1.60000   0.00000
   1.70000   0.00000
   1.80000   0.00000
   1.90000   0.00000
   2.00000   0.00000
   2.10000   0.00000
   2.20000   0.00000
   2.30000   0.00000
   2.40000   0.00000
   2.50000   0.00000
   2.60000   0.00000
   2.70000   0.00000
   2.80000   0.00000
   2.90000   0.00000
   3.00000   0.00000
