 1-ethoxy-2-propanol sigma-profile (sigma [e/nm^2], p(sigma)*At [nm^2])
  -3.00000   0.00000
  -2.90000   0.00000
  -2.80000   0.00000
  -2.70000   0.00000
  -2.60000   0.00000
  -2.50000   0.00000
  -2.40000   0.00000
  -2.30000   0.00000
  -2.20000   0.00000
  -2.10000   0.00000
  -2.00000   0.00000
  -1.90000   0.00000
  -1.80000   0.00000
  -1.70000   0.00000
  -1.60000   0.00070
  -1.50000   0.00292
  -1.40000   0.00487
  -1.30000   0.00570
  -1.20000   0.00605
  -1.10000   0.00450
  -1.00000   0.00305
  -0.90000   0.00382
  -0.80000   0.00444
  -0.70000   0.01302
  -0.60000   0.06296
  -0.50000   0.14673
  -0.40000   0.18642
  -0.30000   0.17113
  -0.20000   0.15689
  -0.10000   0.15045
   0.00000   0.13845
   0.10000   0.12284
   0.20000   0.09198
   0.30000   0.05017
   0.40000   0.03046
   0.50000   0.02677
   0.60000   0.02078
   0.70000   0.01573
   0.80000   0.01201
   0.90000   0.01072
   1.00000   0.01259
   1.10000   0.01702
   1.20000   0.02034
   1.30000   0.01941
   1.40000   0.01579
   1.50000   0.01778
   1.60000   0.02387
   1.70000   0.01956
   1.80000   0.00865
   1.90000   0.00199
   2.00000   0.00000
   2.10000   0.00000
   2.20000   0.00000
   2.30000   0.00000
   2.40000   0.00000
   2.50000   0.00000
   2.60000   0.00000
   2.70000   0.00000
   2.80000   0.00000
   2.90000   0.00000
   3.00000   0.00000
