 1-propoxy-2-propanol sigma-profile (sigma [e/nm^2], p(sigma)*At [nm^2])
  -3.00000   0.00000
  -2.90000   0.00000
  -2.80000   0.00000
  -2.70000   0.00000
  -2.60000   0.00000
  -2.50000   0.00000
  -2.40000   0.00000
  -2.30000   0.00000
  -2.20000   0.00000
  -2.10000   0.00000
  -2.00000   0.00000
  -1.90000   0.00000
  -1.80000   0.00000
  -1.70000   0.00000
  -1.60000   0.00091
  -1.50000   0.00332
  -1.40000   0.00480
  -1.30000   0.00518
  -1.20000   0.00639
  -1.10000   0.00598
  -1.00000   0.00384
  -0.90000   0.00268
  -0.80000   0.00279
  -0.70000   0.01044
  -0.60000   0.05428
  -0.50000   0.14252
  -0.40000   0.20621
  -0.30000   0.20363
  -0.20000   0.18403
  -0.10000   0.17396
   0.00000   0.16667
   0.10000   0.15571
   0.20000   0.11985
   0.30000   0.06896
   0.40000   0.03641
   0.50000   0.02448
   0.60000   0.02013
   0.70000   0.01723
   0.80000   0.01283
   0.90000   0.01025
   1.00000   0.01278
   1.10000   0.01897
   1.20000   0.02104
   1.30000   0.01689
   1.40000   0.01524
   1.50000   0.01973
   1.60000   0.02405
   1.70000   0.01871
   1.80000   0.00837
   1.90000   0.00198
   2.00000   0.00000
   2.10000   0.00000
   2.20000   0.00000
   2.30000   0.00000
   2.40000   0.00000
   2.50000   0.00000
   2.60000   0.00000
   2.70000   0.00000
   2.80000   0.00000
   2.90000   0.00000
   3.00000   0.00000
