 methyl-4-formylbenzoate sigma-profile (sigma [e/nm^2], p(sigma)*At [nm^2])
  -3.00000   0.00000
  -2.90000   0.00000
  -2.80000   0.00000
  -2.70000   0.00000
  -2.60000   0.00000
  -2.50000   0.00000
  -2.40000   0.00000
  -2.30000   0.00000
  -2.20000   0.00000
  -2.10000   0.00000
  -2.00000   0.00000
  -1.90000   0.00000
  -1.80000   0.00000
  -1.70000   0.00000
  -1.60000   0.00000
  -1.50000   0.00000
  -1.40000   0.00000
  -1.30000   0.00000
  -1.20000   0.00000
  -1.10000   0.00032
  -1.00000   0.01022
  -0.90000   0.04704
  -0.80000   0.09785
  -0.70000   0.11811
  -0.60000   0.11563
  -0.50000   0.12492
  -0.40000   0.13706
  -0.30000   0.14306
  -0.20000   0.13333
  -0.10000   0.12609
   0.00000   0.15539
   0.10000   0.17011
   0.20000   0.11777
   0.30000   0.05059
   0.40000   0.02529
   0.50000   0.02877
   0.60000   0.03497
   0.70000   0.03376
   0.80000   0.02973
   0.90000   0.03270
   1.00000   0.03974
   1.10000   0.05139
   1.20000   0.06160
   1.30000   0.05137
   1.40000   0.02941
   1.50000   0.01318
   1.60000   0.00381
   1.70000   0.00038
   1.80000   0.00000
   1.90000   0.00000
   2.00000   0.00000
   2.10000   0.00000
   2.20000   0.00000
   2.30000   0.00000
   2.40000   0.00000
   2.50000   0.00000
   2.60000   0.00000
   2.70000   0.00000
   2.80000   0.00000
   2.90000   0.00000
   3.00000   0.00000
