 cis-crotonaldehyde sigma-profile (sigma [e/nm^2], p(sigma)*At [nm^2])
  -3.00000   0.00000
  -2.90000   0.00000
  -2.80000   0.00000
  -2.70000   0.00000
  -2.60000   0.00000
  -2.50000   0.00000
  -2.40000   0.00000
  -2.30000   0.00000
  -2.20000   0.00000
  -2.10000   0.00000
  -2.00000   0.00000
  -1.90000   0.00000
  -1.80000   0.00000
  -1.70000   0.00000
  -1.60000   0.00000
  -1.50000   0.00000
  -1.40000   0.00000
  -1.30000   0.00000
  -1.20000   0.00000
  -1.10000   0.00000
  -1.00000   0.00289
  -0.90000   0.01866
  -0.80000   0.05105
  -0.70000   0.08042
  -0.60000   0.08571
  -0.50000   0.08294
  -0.40000   0.08573
  -0.30000   0.08801
  -0.20000   0.09640
  -0.10000   0.10147
   0.00000   0.08715
   0.10000   0.06011
   0.20000   0.04336
   0.30000   0.03908
   0.40000   0.02739
   0.50000   0.01387
   0.60000   0.00949
   0.70000   0.00804
   0.80000   0.00842
   0.90000   0.01226
   1.00000   0.01723
   1.10000   0.02320
   1.20000   0.02831
   1.30000   0.02780
   1.40000   0.02350
   1.50000   0.02111
   1.60000   0.01696
   1.70000   0.00927
   1.80000   0.00302
   1.90000   0.00035
   2.00000   0.00000
   2.10000   0.00000
   2.20000   0.00000
   2.30000   0.00000
   2.40000   0.00000
   2.50000   0.00000
   2.60000   0.00000
   2.70000   0.00000
   2.80000   0.00000
   2.90000   0.00000
   3.00000   0.00000
