 5-ethylidene-2-norbornene sigma-profile (sigma [e/nm^2], p(sigma)*At [nm^2])
  -3.00000   0.00000
  -2.90000   0.00000
  -2.80000   0.00000
  -2.70000   0.00000
  -2.60000   0.00000
  -2.50000   0.00000
  -2.40000   0.00000
  -2.30000   0.00000
  -2.20000   0.00000
  -2.10000   0.00000
  -2.00000   0.00000
  -1.90000   0.00000
  -1.80000   0.00000
  -1.70000   0.00000
  -1.60000   0.00000
  -1.50000   0.00000
  -1.40000   0.00000
  -1.30000   0.00000
  -1.20000   0.00000
  -1.10000   0.00000
  -1.00000   0.00000
  -0.90000   0.00015
  -0.80000   0.00565
  -0.70000   0.02014
  -0.60000   0.05636
  -0.50000   0.11632
  -0.40000   0.14970
  -0.30000   0.14630
  -0.20000   0.14287
  -0.10000   0.14919
   0.00000   0.17431
   0.10000   0.20050
   0.20000   0.17323
   0.30000   0.10157
   0.40000   0.05814
   0.50000   0.05010
   0.60000   0.04249
   0.70000   0.03556
   0.80000   0.03572
   0.90000   0.02916
   1.00000   0.01364
   1.10000   0.00409
   1.20000   0.00099
   1.30000   0.00000
   1.40000   0.00000
   1.50000   0.00000
   1.60000   0.00000
   1.70000   0.00000
   1.80000   0.00000
   1.90000   0.00000
   2.00000   0.00000
   2.10000   0.00000
   2.20000   0.00000
   2.30000   0.00000
   2.40000   0.00000
   2.50000   0.00000
   2.60000   0.00000
   2.70000   0.00000
   2.80000   0.00000
   2.90000   0.00000
   3.00000   0.00000
