 1,9-decadiene sigma-profile (sigma [e/nm^2], p(sigma)*At [nm^2])
  -3.00000   0.00000
  -2.90000   0.00000
  -2.80000   0.00000
  -2.70000   0.00000
  -2.60000   0.00000
  -2.50000   0.00000
  -2.40000   0.00000
  -2.30000   0.00000
  -2.20000   0.00000
  -2.10000   0.00000
  -2.00000   0.00000
  -1.90000   0.00000
  -1.80000   0.00000
  -1.70000   0.00000
  -1.60000   0.00000
  -1.50000   0.00000
  -1.40000   0.00000
  -1.30000   0.00000
  -1.20000   0.00000
  -1.10000   0.00000
  -1.00000   0.00000
  -0.90000   0.00000
  -0.80000   0.00126
  -0.70000   0.02054
  -0.60000   0.06646
  -0.50000   0.12275
  -0.40000   0.18584
  -0.30000   0.24147
  -0.20000   0.25484
  -0.10000   0.24202
   0.00000   0.23500
   0.10000   0.21491
   0.20000   0.18451
   0.30000   0.14842
   0.40000   0.09813
   0.50000   0.07045
   0.60000   0.06318
   0.70000   0.05045
   0.80000   0.04310
   0.90000   0.03505
   1.00000   0.01764
   1.10000   0.00390
   1.20000   0.00000
   1.30000   0.00000
   1.40000   0.00000
   1.50000   0.00000
   1.60000   0.00000
   1.70000   0.00000
   1.80000   0.00000
   1.90000   0.00000
   2.00000   0.00000
   2.10000   0.00000
   2.20000   0.00000
   2.30000   0.00000
   2.40000   0.00000
   2.50000   0.00000
   2.60000   0.00000
   2.70000   0.00000
   2.80000   0.00000
   2.90000   0.00000
   3.00000   0.00000
