 dehydro(3)abieticacid sigma-profile (sigma [e/nm^2], p(sigma)*At [nm^2])
  -3.00000   0.00000
  -2.90000   0.00000
  -2.80000   0.00000
  -2.70000   0.00000
  -2.60000   0.00000
  -2.50000   0.00000
  -2.40000   0.00000
  -2.30000   0.00000
  -2.20000   0.00000
  -2.10000   0.00045
  -2.00000   0.00470
  -1.90000   0.01088
  -1.80000   0.01227
  -1.70000   0.01019
  -1.60000   0.00771
  -1.50000   0.00541
  -1.40000   0.00474
  -1.30000   0.00551
  -1.20000   0.00552
  -1.10000   0.00511
  -1.00000   0.00499
  -0.90000   0.00464
  -0.80000   0.01179
  -0.70000   0.03366
  -0.60000   0.08755
  -0.50000   0.19124
  -0.40000   0.28624
  -0.30000   0.31073
  -0.20000   0.29728
  -0.10000   0.28390
   0.00000   0.29022
   0.10000   0.30900
   0.20000   0.28229
   0.30000   0.19429
   0.40000   0.10967
   0.50000   0.08155
   0.60000   0.08787
   0.70000   0.08565
   0.80000   0.05715
   0.90000   0.02731
   1.00000   0.02121
   1.10000   0.02630
   1.20000   0.03139
   1.30000   0.03025
   1.40000   0.02326
   1.50000   0.01409
   1.60000   0.00486
   1.70000   0.00053
   1.80000   0.00000
   1.90000   0.00000
   2.00000   0.00000
   2.10000   0.00000
   2.20000   0.00000
   2.30000   0.00000
   2.40000   0.00000
   2.50000   0.00000
   2.60000   0.00000
   2.70000   0.00000
   2.80000   0.00000
   2.90000   0.00000
   3.00000   0.00000
