 4-methylcyclopentene sigma-profile (sigma [e/nm^2], p(sigma)*At [nm^2])
  -3.00000   0.00000
  -2.90000   0.00000
  -2.80000   0.00000
  -2.70000   0.00000
  -2.60000   0.00000
  -2.50000   0.00000
  -2.40000   0.00000
  -2.30000   0.00000
  -2.20000   0.00000
  -2.10000   0.00000
  -2.00000   0.00000
  -1.90000   0.00000
  -1.80000   0.00000
  -1.70000   0.00000
  -1.60000   0.00000
  -1.50000   0.00000
  -1.40000   0.00000
  -1.30000   0.00000
  -1.20000   0.00000
  -1.10000   0.00000
  -1.00000   0.00000
  -0.90000   0.00000
  -0.80000   0.00179
  -0.70000   0.01032
  -0.60000   0.02681
  -0.50000   0.06026
  -0.40000   0.11040
  -0.30000   0.13486
  -0.20000   0.13234
  -0.10000   0.13741
   0.00000   0.15215
   0.10000   0.16735
   0.20000   0.15199
   0.30000   0.09787
   0.40000   0.04894
   0.50000   0.03124
   0.60000   0.02558
   0.70000   0.02082
   0.80000   0.01882
   0.90000   0.01371
   1.00000   0.00730
   1.10000   0.00266
   1.20000   0.00039
   1.30000   0.00000
   1.40000   0.00000
   1.50000   0.00000
   1.60000   0.00000
   1.70000   0.00000
   1.80000   0.00000
   1.90000   0.00000
   2.00000   0.00000
   2.10000   0.00000
   2.20000   0.00000
   2.30000   0.00000
   2.40000   0.00000
   2.50000   0.00000
   2.60000   0.00000
   2.70000   0.00000
   2.80000   0.00000
   2.90000   0.00000
   3.00000   0.00000
