 ethylsilanetrioltriacetate sigma-profile (sigma [e/nm^2], p(sigma)*At [nm^2])
  -3.00000   0.00000
  -2.90000   0.00000
  -2.80000   0.00000
  -2.70000   0.00000
  -2.60000   0.00000
  -2.50000   0.00000
  -2.40000   0.00000
  -2.30000   0.00000
  -2.20000   0.00000
  -2.10000   0.00000
  -2.00000   0.00000
  -1.90000   0.00000
  -1.80000   0.00000
  -1.70000   0.00000
  -1.60000   0.00000
  -1.50000   0.00000
  -1.40000   0.00000
  -1.30000   0.00000
  -1.20000   0.00000
  -1.10000   0.00000
  -1.00000   0.00635
  -0.90000   0.04712
  -0.80000   0.11698
  -0.70000   0.16088
  -0.60000   0.18564
  -0.50000   0.19037
  -0.40000   0.17687
  -0.30000   0.21652
  -0.20000   0.26851
  -0.10000   0.24104
   0.00000   0.16039
   0.10000   0.09793
   0.20000   0.06331
   0.30000   0.04327
   0.40000   0.03999
   0.50000   0.04118
   0.60000   0.04505
   0.70000   0.06120
   0.80000   0.07374
   0.90000   0.06815
   1.00000   0.07051
   1.10000   0.08879
   1.20000   0.08484
   1.30000   0.05579
   1.40000   0.03141
   1.50000   0.01435
   1.60000   0.00299
   1.70000   0.00000
   1.80000   0.00000
   1.90000   0.00000
   2.00000   0.00000
   2.10000   0.00000
   2.20000   0.00000
   2.30000   0.00000
   2.40000   0.00000
   2.50000   0.00000
   2.60000   0.00000
   2.70000   0.00000
   2.80000   0.00000
   2.90000   0.00000
   3.00000   0.00000
