 nonafluoro(trifluoromethyl)-cyclopentane sigma-profile (sigma [e/nm^2], p(sigma)*At [nm^2])
  -3.00000   0.00000
  -2.90000   0.00000
  -2.80000   0.00000
  -2.70000   0.00000
  -2.60000   0.00000
  -2.50000   0.00000
  -2.40000   0.00000
  -2.30000   0.00000
  -2.20000   0.00000
  -2.10000   0.00000
  -2.00000   0.00000
  -1.90000   0.00000
  -1.80000   0.00000
  -1.70000   0.00000
  -1.60000   0.00000
  -1.50000   0.00000
  -1.40000   0.00006
  -1.30000   0.00042
  -1.20000   0.00144
  -1.10000   0.00293
  -1.00000   0.00420
  -0.90000   0.00650
  -0.80000   0.01065
  -0.70000   0.01664
  -0.60000   0.02753
  -0.50000   0.03896
  -0.40000   0.04588
  -0.30000   0.05652
  -0.20000   0.08565
  -0.10000   0.22022
   0.00000   0.48721
   0.10000   0.58042
   0.20000   0.33195
   0.30000   0.07232
   0.40000   0.00038
   0.50000   0.00000
   0.60000   0.00000
   0.70000   0.00000
   0.80000   0.00000
   0.90000   0.00000
   1.00000   0.00000
   1.10000   0.00000
   1.20000   0.00000
   1.30000   0.00000
   1.40000   0.00000
   1.50000   0.00000
   1.60000   0.00000
   1.70000   0.00000
   1.80000   0.00000
   1.90000   0.00000
   2.00000   0.00000
   2.10000   0.00000
   2.20000   0.00000
   2.30000   0.00000
   2.40000   0.00000
   2.50000   0.00000
   2.60000   0.00000
   2.70000   0.00000
   2.80000   0.00000
   2.90000   0.00000
   3.00000   0.00000
