 1,2-benzenedicarboxylicacid,heptyl,nonylester sigma-profile (sigma [e/nm^2], p(sigma)*At [nm^2])
  -3.00000   0.00000
  -2.90000   0.00000
  -2.80000   0.00000
  -2.70000   0.00000
  -2.60000   0.00000
  -2.50000   0.00000
  -2.40000   0.00000
  -2.30000   0.00000
  -2.20000   0.00000
  -2.10000   0.00000
  -2.00000   0.00000
  -1.90000   0.00000
  -1.80000   0.00000
  -1.70000   0.00000
  -1.60000   0.00000
  -1.50000   0.00000
  -1.40000   0.00000
  -1.30000   0.00000
  -1.20000   0.00000
  -1.10000   0.00000
  -1.00000   0.00549
  -0.90000   0.02835
  -0.80000   0.06561
  -0.70000   0.09788
  -0.60000   0.12678
  -0.50000   0.20527
  -0.40000   0.37529
  -0.30000   0.52612
  -0.20000   0.55922
  -0.10000   0.53297
   0.00000   0.50071
   0.10000   0.49539
   0.20000   0.49101
   0.30000   0.38446
   0.40000   0.19295
   0.50000   0.06474
   0.60000   0.03387
   0.70000   0.03274
   0.80000   0.03791
   0.90000   0.04051
   1.00000   0.03765
   1.10000   0.04896
   1.20000   0.06542
   1.30000   0.05655
   1.40000   0.03357
   1.50000   0.01533
   1.60000   0.00426
   1.70000   0.00048
   1.80000   0.00000
   1.90000   0.00000
   2.00000   0.00000
   2.10000   0.00000
   2.20000   0.00000
   2.30000   0.00000
   2.40000   0.00000
   2.50000   0.00000
   2.60000   0.00000
   2.70000   0.00000
   2.80000   0.00000
   2.90000   0.00000
   3.00000   0.00000
