 palustricacid sigma-profile (sigma [e/nm^2], p(sigma)*At [nm^2])
  -3.00000   0.00000
  -2.90000   0.00000
  -2.80000   0.00000
  -2.70000   0.00000
  -2.60000   0.00000
  -2.50000   0.00000
  -2.40000   0.00000
  -2.30000   0.00000
  -2.20000   0.00000
  -2.10000   0.00039
  -2.00000   0.00432
  -1.90000   0.01064
  -1.80000   0.01235
  -1.70000   0.01028
  -1.60000   0.00781
  -1.50000   0.00555
  -1.40000   0.00484
  -1.30000   0.00545
  -1.20000   0.00582
  -1.10000   0.00490
  -1.00000   0.00507
  -0.90000   0.00536
  -0.80000   0.00403
  -0.70000   0.00883
  -0.60000   0.05473
  -0.50000   0.17763
  -0.40000   0.30736
  -0.30000   0.33876
  -0.20000   0.31881
  -0.10000   0.31934
   0.00000   0.32514
   0.10000   0.34211
   0.20000   0.33162
   0.30000   0.22613
   0.40000   0.10072
   0.50000   0.05160
   0.60000   0.05145
   0.70000   0.05743
   0.80000   0.05268
   0.90000   0.03817
   1.00000   0.02893
   1.10000   0.02731
   1.20000   0.03098
   1.30000   0.03081
   1.40000   0.02341
   1.50000   0.01313
   1.60000   0.00404
   1.70000   0.00031
   1.80000   0.00000
   1.90000   0.00000
   2.00000   0.00000
   2.10000   0.00000
   2.20000   0.00000
   2.30000   0.00000
   2.40000   0.00000
   2.50000   0.00000
   2.60000   0.00000
   2.70000   0.00000
   2.80000   0.00000
   2.90000   0.00000
   3.00000   0.00000
