 mono-tert-butylhydroquinone sigma-profile (sigma [e/nm^2], p(sigma)*At [nm^2])
  -3.00000   0.00000
  -2.90000   0.00000
  -2.80000   0.00000
  -2.70000   0.00000
  -2.60000   0.00000
  -2.50000   0.00000
  -2.40000   0.00000
  -2.30000   0.00000
  -2.20000   0.00000
  -2.10000   0.00031
  -2.00000   0.00551
  -1.90000   0.01583
  -1.80000   0.02165
  -1.70000   0.01874
  -1.60000   0.01607
  -1.50000   0.01719
  -1.40000   0.01382
  -1.30000   0.00964
  -1.20000   0.01020
  -1.10000   0.01394
  -1.00000   0.01848
  -0.90000   0.02335
  -0.80000   0.03141
  -0.70000   0.03585
  -0.60000   0.03959
  -0.50000   0.06659
  -0.40000   0.11153
  -0.30000   0.13261
  -0.20000   0.12893
  -0.10000   0.12077
   0.00000   0.10816
   0.10000   0.12457
   0.20000   0.17461
   0.30000   0.19144
   0.40000   0.15395
   0.50000   0.11438
   0.60000   0.09213
   0.70000   0.06368
   0.80000   0.03971
   0.90000   0.03070
   1.00000   0.02247
   1.10000   0.01601
   1.20000   0.01804
   1.30000   0.01988
   1.40000   0.01243
   1.50000   0.00320
   1.60000   0.00000
   1.70000   0.00000
   1.80000   0.00000
   1.90000   0.00000
   2.00000   0.00000
   2.10000   0.00000
   2.20000   0.00000
   2.30000   0.00000
   2.40000   0.00000
   2.50000   0.00000
   2.60000   0.00000
   2.70000   0.00000
   2.80000   0.00000
   2.90000   0.00000
   3.00000   0.00000
