 1-tetradecanamine sigma-profile (sigma [e/nm^2], p(sigma)*At [nm^2])
  -3.00000   0.00000
  -2.90000   0.00000
  -2.80000   0.00000
  -2.70000   0.00000
  -2.60000   0.00000
  -2.50000   0.00000
  -2.40000   0.00000
  -2.30000   0.00000
  -2.20000   0.00000
  -2.10000   0.00000
  -2.00000   0.00000
  -1.90000   0.00000
  -1.80000   0.00000
  -1.70000   0.00000
  -1.60000   0.00000
  -1.50000   0.00000
  -1.40000   0.00000
  -1.30000   0.00054
  -1.20000   0.00677
  -1.10000   0.01745
  -1.00000   0.02207
  -0.90000   0.02052
  -0.80000   0.01744
  -0.70000   0.01638
  -0.60000   0.01978
  -0.50000   0.05509
  -0.40000   0.19356
  -0.30000   0.36295
  -0.20000   0.42738
  -0.10000   0.43498
   0.00000   0.43675
   0.10000   0.39266
   0.20000   0.31839
   0.30000   0.26361
   0.40000   0.17338
   0.50000   0.05461
   0.60000   0.00590
   0.70000   0.00557
   0.80000   0.00597
   0.90000   0.00672
   1.00000   0.00723
   1.10000   0.00628
   1.20000   0.00563
   1.30000   0.00590
   1.40000   0.00526
   1.50000   0.00392
   1.60000   0.00520
   1.70000   0.00723
   1.80000   0.00691
   1.90000   0.00607
   2.00000   0.00497
   2.10000   0.00479
   2.20000   0.00536
   2.30000   0.00552
   2.40000   0.00514
   2.50000   0.00285
   2.60000   0.00054
   2.70000   0.00000
   2.80000   0.00000
   2.90000   0.00000
   3.00000   0.00000
