 cyclohexanecarboxaldehyde sigma-profile (sigma [e/nm^2], p(sigma)*At [nm^2])
  -3.00000   0.00000
  -2.90000   0.00000
  -2.80000   0.00000
  -2.70000   0.00000
  -2.60000   0.00000
  -2.50000   0.00000
  -2.40000   0.00000
  -2.30000   0.00000
  -2.20000   0.00000
  -2.10000   0.00000
  -2.00000   0.00000
  -1.90000   0.00000
  -1.80000   0.00000
  -1.70000   0.00000
  -1.60000   0.00000
  -1.50000   0.00000
  -1.40000   0.00000
  -1.30000   0.00000
  -1.20000   0.00000
  -1.10000   0.00000
  -1.00000   0.00000
  -0.90000   0.00000
  -0.80000   0.00576
  -0.70000   0.02715
  -0.60000   0.05937
  -0.50000   0.10890
  -0.40000   0.16782
  -0.30000   0.18810
  -0.20000   0.17694
  -0.10000   0.16407
   0.00000   0.15118
   0.10000   0.13789
   0.20000   0.10659
   0.30000   0.05634
   0.40000   0.01783
   0.50000   0.00930
   0.60000   0.01343
   0.70000   0.01297
   0.80000   0.01177
   0.90000   0.01433
   1.00000   0.02043
   1.10000   0.02690
   1.20000   0.02778
   1.30000   0.02340
   1.40000   0.02062
   1.50000   0.01676
   1.60000   0.00879
   1.70000   0.00226
   1.80000   0.00007
   1.90000   0.00000
   2.00000   0.00000
   2.10000   0.00000
   2.20000   0.00000
   2.30000   0.00000
   2.40000   0.00000
   2.50000   0.00000
   2.60000   0.00000
   2.70000   0.00000
   2.80000   0.00000
   2.90000   0.00000
   3.00000   0.00000
