 acenaphthylene sigma-profile (sigma [e/nm^2], p(sigma)*At [nm^2])
  -3.00000   0.00000
  -2.90000   0.00000
  -2.80000   0.00000
  -2.70000   0.00000
  -2.60000   0.00000
  -2.50000   0.00000
  -2.40000   0.00000
  -2.30000   0.00000
  -2.20000   0.00000
  -2.10000   0.00000
  -2.00000   0.00000
  -1.90000   0.00000
  -1.80000   0.00000
  -1.70000   0.00000
  -1.60000   0.00000
  -1.50000   0.00000
  -1.40000   0.00000
  -1.30000   0.00000
  -1.20000   0.00000
  -1.10000   0.00000
  -1.00000   0.00004
  -0.90000   0.01719
  -0.80000   0.06838
  -0.70000   0.11016
  -0.60000   0.10874
  -0.50000   0.10106
  -0.40000   0.09807
  -0.30000   0.09522
  -0.20000   0.09782
  -0.10000   0.09775
   0.00000   0.09604
   0.10000   0.09794
   0.20000   0.12320
   0.30000   0.20108
   0.40000   0.25939
   0.50000   0.18853
   0.60000   0.07319
   0.70000   0.02266
   0.80000   0.00809
   0.90000   0.00136
   1.00000   0.00000
   1.10000   0.00000
   1.20000   0.00000
   1.30000   0.00000
   1.40000   0.00000
   1.50000   0.00000
   1.60000   0.00000
   1.70000   0.00000
   1.80000   0.00000
   1.90000   0.00000
   2.00000   0.00000
   2.10000   0.00000
   2.20000   0.00000
   2.30000   0.00000
   2.40000   0.00000
   2.50000   0.00000
   2.60000   0.00000
   2.70000   0.00000
   2.80000   0.00000
   2.90000   0.00000
   3.00000   0.00000
