 methyl2-hydroxy-2-methylpropanoate sigma-profile (sigma [e/nm^2], p(sigma)*At [nm^2])
  -3.00000   0.00000
  -2.90000   0.00000
  -2.80000   0.00000
  -2.70000   0.00000
  -2.60000   0.00000
  -2.50000   0.00000
  -2.40000   0.00000
  -2.30000   0.00000
  -2.20000   0.00000
  -2.10000   0.00000
  -2.00000   0.00000
  -1.90000   0.00000
  -1.80000   0.00000
  -1.70000   0.00000
  -1.60000   0.00000
  -1.50000   0.00121
  -1.40000   0.00297
  -1.30000   0.00410
  -1.20000   0.00518
  -1.10000   0.00465
  -1.00000   0.00372
  -0.90000   0.01499
  -0.80000   0.04053
  -0.70000   0.07384
  -0.60000   0.11566
  -0.50000   0.13673
  -0.40000   0.13582
  -0.30000   0.13457
  -0.20000   0.11574
  -0.10000   0.10025
   0.00000   0.11527
   0.10000   0.11082
   0.20000   0.06192
   0.30000   0.03087
   0.40000   0.03430
   0.50000   0.03482
   0.60000   0.02914
   0.70000   0.02673
   0.80000   0.02466
   0.90000   0.02334
   1.00000   0.03253
   1.10000   0.04298
   1.20000   0.03515
   1.30000   0.02140
   1.40000   0.01714
   1.50000   0.01820
   1.60000   0.01747
   1.70000   0.00960
   1.80000   0.00190
   1.90000   0.00000
   2.00000   0.00000
   2.10000   0.00000
   2.20000   0.00000
   2.30000   0.00000
   2.40000   0.00000
   2.50000   0.00000
   2.60000   0.00000
   2.70000   0.00000
   2.80000   0.00000
   2.90000   0.00000
   3.00000   0.00000
