 propyleneglycolmonoallylether sigma-profile (sigma [e/nm^2], p(sigma)*At [nm^2])
  -3.00000   0.00000
  -2.90000   0.00000
  -2.80000   0.00000
  -2.70000   0.00000
  -2.60000   0.00000
  -2.50000   0.00000
  -2.40000   0.00000
  -2.30000   0.00000
  -2.20000   0.00000
  -2.10000   0.00000
  -2.00000   0.00000
  -1.90000   0.00000
  -1.80000   0.00000
  -1.70000   0.00000
  -1.60000   0.00096
  -1.50000   0.00347
  -1.40000   0.00605
  -1.30000   0.00648
  -1.20000   0.00522
  -1.10000   0.00397
  -1.00000   0.00292
  -0.90000   0.00317
  -0.80000   0.01334
  -0.70000   0.05351
  -0.60000   0.11977
  -0.50000   0.16849
  -0.40000   0.17216
  -0.30000   0.15339
  -0.20000   0.14163
  -0.10000   0.13638
   0.00000   0.12407
   0.10000   0.10385
   0.20000   0.08511
   0.30000   0.06788
   0.40000   0.05278
   0.50000   0.04505
   0.60000   0.04298
   0.70000   0.03799
   0.80000   0.02751
   0.90000   0.01857
   1.00000   0.01576
   1.10000   0.01883
   1.20000   0.02055
   1.30000   0.01587
   1.40000   0.01402
   1.50000   0.02059
   1.60000   0.02426
   1.70000   0.01777
   1.80000   0.00782
   1.90000   0.00168
   2.00000   0.00002
   2.10000   0.00000
   2.20000   0.00000
   2.30000   0.00000
   2.40000   0.00000
   2.50000   0.00000
   2.60000   0.00000
   2.70000   0.00000
   2.80000   0.00000
   2.90000   0.00000
   3.00000   0.00000
