 2-methyl-1,3-propanediol sigma-profile (sigma [e/nm^2], p(sigma)*At [nm^2])
  -3.00000   0.00000
  -2.90000   0.00000
  -2.80000   0.00000
  -2.70000   0.00000
  -2.60000   0.00000
  -2.50000   0.00000
  -2.40000   0.00000
  -2.30000   0.00000
  -2.20000   0.00000
  -2.10000   0.00000
  -2.00000   0.00000
  -1.90000   0.00217
  -1.80000   0.00713
  -1.70000   0.01151
  -1.60000   0.01217
  -1.50000   0.00864
  -1.40000   0.00655
  -1.30000   0.00703
  -1.20000   0.00675
  -1.10000   0.00717
  -1.00000   0.00771
  -0.90000   0.00759
  -0.80000   0.00962
  -0.70000   0.02438
  -0.60000   0.06369
  -0.50000   0.11250
  -0.40000   0.13528
  -0.30000   0.12624
  -0.20000   0.10898
  -0.10000   0.09690
   0.00000   0.09241
   0.10000   0.08875
   0.20000   0.06791
   0.30000   0.03444
   0.40000   0.01758
   0.50000   0.01761
   0.60000   0.01711
   0.70000   0.01615
   0.80000   0.01622
   0.90000   0.01587
   1.00000   0.01521
   1.10000   0.01343
   1.20000   0.01578
   1.30000   0.02337
   1.40000   0.02504
   1.50000   0.02088
   1.60000   0.02079
   1.70000   0.02227
   1.80000   0.01675
   1.90000   0.00709
   2.00000   0.00131
   2.10000   0.00000
   2.20000   0.00000
   2.30000   0.00000
   2.40000   0.00000
   2.50000   0.00000
   2.60000   0.00000
   2.70000   0.00000
   2.80000   0.00000
   2.90000   0.00000
   3.00000   0.00000
