 propylmethacrylate sigma-profile (sigma [e/nm^2], p(sigma)*At [nm^2])
  -3.00000   0.00000
  -2.90000   0.00000
  -2.80000   0.00000
  -2.70000   0.00000
  -2.60000   0.00000
  -2.50000   0.00000
  -2.40000   0.00000
  -2.30000   0.00000
  -2.20000   0.00000
  -2.10000   0.00000
  -2.00000   0.00000
  -1.90000   0.00000
  -1.80000   0.00000
  -1.70000   0.00000
  -1.60000   0.00000
  -1.50000   0.00000
  -1.40000   0.00000
  -1.30000   0.00000
  -1.20000   0.00000
  -1.10000   0.00000
  -1.00000   0.00007
  -0.90000   0.00399
  -0.80000   0.01872
  -0.70000   0.04896
  -0.60000   0.09604
  -0.50000   0.14060
  -0.40000   0.16646
  -0.30000   0.17751
  -0.20000   0.17539
  -0.10000   0.16961
   0.00000   0.17128
   0.10000   0.16896
   0.20000   0.13480
   0.30000   0.08422
   0.40000   0.05251
   0.50000   0.03650
   0.60000   0.02901
   0.70000   0.02660
   0.80000   0.02037
   0.90000   0.01342
   1.00000   0.01300
   1.10000   0.01717
   1.20000   0.02726
   1.30000   0.03470
   1.40000   0.02709
   1.50000   0.01445
   1.60000   0.00564
   1.70000   0.00094
   1.80000   0.00000
   1.90000   0.00000
   2.00000   0.00000
   2.10000   0.00000
   2.20000   0.00000
   2.30000   0.00000
   2.40000   0.00000
   2.50000   0.00000
   2.60000   0.00000
   2.70000   0.00000
   2.80000   0.00000
   2.90000   0.00000
   3.00000   0.00000
