 tetraethylene-glycol-monomethyl-ether sigma-profile (sigma [e/nm^2], p(sigma)*At [nm^2])
  -3.00000   0.00000
  -2.90000   0.00000
  -2.80000   0.00000
  -2.70000   0.00000
  -2.60000   0.00000
  -2.50000   0.00000
  -2.40000   0.00000
  -2.30000   0.00000
  -2.20000   0.00000
  -2.10000   0.00000
  -2.00000   0.00000
  -1.90000   0.00000
  -1.80000   0.00015
  -1.70000   0.00128
  -1.60000   0.00447
  -1.50000   0.00708
  -1.40000   0.00684
  -1.30000   0.00614
  -1.20000   0.00511
  -1.10000   0.00396
  -1.00000   0.00403
  -0.90000   0.00398
  -0.80000   0.00893
  -0.70000   0.06360
  -0.60000   0.21151
  -0.50000   0.35603
  -0.40000   0.37793
  -0.30000   0.31697
  -0.20000   0.26674
  -0.10000   0.22715
   0.00000   0.14834
   0.10000   0.07224
   0.20000   0.04396
   0.30000   0.04446
   0.40000   0.05167
   0.50000   0.04642
   0.60000   0.03344
   0.70000   0.02600
   0.80000   0.02630
   0.90000   0.03329
   1.00000   0.03939
   1.10000   0.03690
   1.20000   0.03528
   1.30000   0.04105
   1.40000   0.04797
   1.50000   0.05989
   1.60000   0.07070
   1.70000   0.05346
   1.80000   0.01843
   1.90000   0.00128
   2.00000   0.00000
   2.10000   0.00000
   2.20000   0.00000
   2.30000   0.00000
   2.40000   0.00000
   2.50000   0.00000
   2.60000   0.00000
   2.70000   0.00000
   2.80000   0.00000
   2.90000   0.00000
   3.00000   0.00000
