 dipropylmaleate sigma-profile (sigma [e/nm^2], p(sigma)*At [nm^2])
  -3.00000   0.00000
  -2.90000   0.00000
  -2.80000   0.00000
  -2.70000   0.00000
  -2.60000   0.00000
  -2.50000   0.00000
  -2.40000   0.00000
  -2.30000   0.00000
  -2.20000   0.00000
  -2.10000   0.00000
  -2.00000   0.00000
  -1.90000   0.00000
  -1.80000   0.00000
  -1.70000   0.00000
  -1.60000   0.00000
  -1.50000   0.00000
  -1.40000   0.00000
  -1.30000   0.00000
  -1.20000   0.00254
  -1.10000   0.01204
  -1.00000   0.02492
  -0.90000   0.03200
  -0.80000   0.04658
  -0.70000   0.07412
  -0.60000   0.12013
  -0.50000   0.19939
  -0.40000   0.25575
  -0.30000   0.25590
  -0.20000   0.23270
  -0.10000   0.20452
   0.00000   0.19026
   0.10000   0.19161
   0.20000   0.16432
   0.30000   0.09627
   0.40000   0.04795
   0.50000   0.03659
   0.60000   0.03551
   0.70000   0.03899
   0.80000   0.04151
   0.90000   0.04459
   1.00000   0.05053
   1.10000   0.06216
   1.20000   0.07031
   1.30000   0.05412
   1.40000   0.02841
   1.50000   0.01204
   1.60000   0.00307
   1.70000   0.00017
   1.80000   0.00000
   1.90000   0.00000
   2.00000   0.00000
   2.10000   0.00000
   2.20000   0.00000
   2.30000   0.00000
   2.40000   0.00000
   2.50000   0.00000
   2.60000   0.00000
   2.70000   0.00000
   2.80000   0.00000
   2.90000   0.00000
   3.00000   0.00000
