 acryloxypropionicacid sigma-profile (sigma [e/nm^2], p(sigma)*At [nm^2])
  -3.00000   0.00000
  -2.90000   0.00000
  -2.80000   0.00000
  -2.70000   0.00000
  -2.60000   0.00000
  -2.50000   0.00000
  -2.40000   0.00000
  -2.30000   0.00000
  -2.20000   0.00000
  -2.10000   0.00179
  -2.00000   0.00767
  -1.90000   0.01264
  -1.80000   0.01225
  -1.70000   0.00975
  -1.60000   0.00653
  -1.50000   0.00423
  -1.40000   0.00547
  -1.30000   0.00754
  -1.20000   0.00620
  -1.10000   0.00576
  -1.00000   0.02127
  -0.90000   0.05960
  -0.80000   0.09492
  -0.70000   0.10354
  -0.60000   0.10071
  -0.50000   0.10160
  -0.40000   0.10590
  -0.30000   0.10951
  -0.20000   0.10385
  -0.10000   0.09340
   0.00000   0.08284
   0.10000   0.07206
   0.20000   0.06958
   0.30000   0.06706
   0.40000   0.05573
   0.50000   0.04381
   0.60000   0.04089
   0.70000   0.04412
   0.80000   0.04095
   0.90000   0.04124
   1.00000   0.05018
   1.10000   0.06011
   1.20000   0.06754
   1.30000   0.05971
   1.40000   0.03812
   1.50000   0.01665
   1.60000   0.00351
   1.70000   0.00000
   1.80000   0.00000
   1.90000   0.00000
   2.00000   0.00000
   2.10000   0.00000
   2.20000   0.00000
   2.30000   0.00000
   2.40000   0.00000
   2.50000   0.00000
   2.60000   0.00000
   2.70000   0.00000
   2.80000   0.00000
   2.90000   0.00000
   3.00000   0.00000
