 [3-(2,3-epoxyproxy)propyl]trimethoxysilane sigma-profile (sigma [e/nm^2], p(sigma)*At [nm^2])
  -3.00000   0.00000
  -2.90000   0.00000
  -2.80000   0.00000
  -2.70000   0.00000
  -2.60000   0.00000
  -2.50000   0.00000
  -2.40000   0.00000
  -2.30000   0.00000
  -2.20000   0.00000
  -2.10000   0.00000
  -2.00000   0.00000
  -1.90000   0.00000
  -1.80000   0.00000
  -1.70000   0.00000
  -1.60000   0.00000
  -1.50000   0.00000
  -1.40000   0.00000
  -1.30000   0.00000
  -1.20000   0.00000
  -1.10000   0.00000
  -1.00000   0.00000
  -0.90000   0.00769
  -0.80000   0.04068
  -0.70000   0.11863
  -0.60000   0.22248
  -0.50000   0.29011
  -0.40000   0.30097
  -0.30000   0.29545
  -0.20000   0.29481
  -0.10000   0.26736
   0.00000   0.19595
   0.10000   0.11939
   0.20000   0.07578
   0.30000   0.05514
   0.40000   0.04389
   0.50000   0.03918
   0.60000   0.03210
   0.70000   0.03090
   0.80000   0.04039
   0.90000   0.04916
   1.00000   0.05158
   1.10000   0.05673
   1.20000   0.06163
   1.30000   0.05678
   1.40000   0.06051
   1.50000   0.05987
   1.60000   0.03147
   1.70000   0.00613
   1.80000   0.00027
   1.90000   0.00000
   2.00000   0.00000
   2.10000   0.00000
   2.20000   0.00000
   2.30000   0.00000
   2.40000   0.00000
   2.50000   0.00000
   2.60000   0.00000
   2.70000   0.00000
   2.80000   0.00000
   2.90000   0.00000
   3.00000   0.00000
