 tert-nonanethiol sigma-profile (sigma [e/nm^2], p(sigma)*At [nm^2])
  -3.00000   0.00000
  -2.90000   0.00000
  -2.80000   0.00000
  -2.70000   0.00000
  -2.60000   0.00000
  -2.50000   0.00000
  -2.40000   0.00000
  -2.30000   0.00000
  -2.20000   0.00000
  -2.10000   0.00000
  -2.00000   0.00000
  -1.90000   0.00000
  -1.80000   0.00000
  -1.70000   0.00000
  -1.60000   0.00000
  -1.50000   0.00000
  -1.40000   0.00000
  -1.30000   0.00000
  -1.20000   0.00034
  -1.10000   0.00299
  -1.00000   0.00779
  -0.90000   0.00983
  -0.80000   0.00882
  -0.70000   0.01262
  -0.60000   0.03911
  -0.50000   0.10627
  -0.40000   0.18967
  -0.30000   0.23921
  -0.20000   0.24754
  -0.10000   0.24531
   0.00000   0.25370
   0.10000   0.26295
   0.20000   0.23681
   0.30000   0.16378
   0.40000   0.08699
   0.50000   0.04289
   0.60000   0.02737
   0.70000   0.02579
   0.80000   0.02458
   0.90000   0.02048
   1.00000   0.02095
   1.10000   0.02016
   1.20000   0.01592
   1.30000   0.01138
   1.40000   0.00414
   1.50000   0.00005
   1.60000   0.00000
   1.70000   0.00000
   1.80000   0.00000
   1.90000   0.00000
   2.00000   0.00000
   2.10000   0.00000
   2.20000   0.00000
   2.30000   0.00000
   2.40000   0.00000
   2.50000   0.00000
   2.60000   0.00000
   2.70000   0.00000
   2.80000   0.00000
   2.90000   0.00000
   3.00000   0.00000
