 tripropyleneglycol-methylether sigma-profile (sigma [e/nm^2], p(sigma)*At [nm^2])
  -3.00000   0.00000
  -2.90000   0.00000
  -2.80000   0.00000
  -2.70000   0.00000
  -2.60000   0.00000
  -2.50000   0.00000
  -2.40000   0.00000
  -2.30000   0.00000
  -2.20000   0.00000
  -2.10000   0.00000
  -2.00000   0.00000
  -1.90000   0.00000
  -1.80000   0.00000
  -1.70000   0.00000
  -1.60000   0.00000
  -1.50000   0.00000
  -1.40000   0.00000
  -1.30000   0.00000
  -1.20000   0.00000
  -1.10000   0.00000
  -1.00000   0.00000
  -0.90000   0.00001
  -0.80000   0.00329
  -0.70000   0.04714
  -0.60000   0.16710
  -0.50000   0.28226
  -0.40000   0.29937
  -0.30000   0.26766
  -0.20000   0.24198
  -0.10000   0.22480
   0.00000   0.21591
   0.10000   0.19476
   0.20000   0.14022
   0.30000   0.06674
   0.40000   0.03042
   0.50000   0.03078
   0.60000   0.02739
   0.70000   0.02003
   0.80000   0.01806
   0.90000   0.02294
   1.00000   0.02772
   1.10000   0.02611
   1.20000   0.02494
   1.30000   0.02763
   1.40000   0.02876
   1.50000   0.02953
   1.60000   0.03478
   1.70000   0.03727
   1.80000   0.02450
   1.90000   0.00793
   2.00000   0.00114
   2.10000   0.00000
   2.20000   0.00000
   2.30000   0.00000
   2.40000   0.00000
   2.50000   0.00000
   2.60000   0.00000
   2.70000   0.00000
   2.80000   0.00000
   2.90000   0.00000
   3.00000   0.00000
