 4-hydroxybutanal sigma-profile (sigma [e/nm^2], p(sigma)*At [nm^2])
  -3.00000   0.00000
  -2.90000   0.00000
  -2.80000   0.00000
  -2.70000   0.00000
  -2.60000   0.00000
  -2.50000   0.00000
  -2.40000   0.00000
  -2.30000   0.00000
  -2.20000   0.00000
  -2.10000   0.00000
  -2.00000   0.00000
  -1.90000   0.00000
  -1.80000   0.00000
  -1.70000   0.00000
  -1.60000   0.00000
  -1.50000   0.00000
  -1.40000   0.00000
  -1.30000   0.00000
  -1.20000   0.00000
  -1.10000   0.00000
  -1.00000   0.00155
  -0.90000   0.02295
  -0.80000   0.06329
  -0.70000   0.09089
  -0.60000   0.10747
  -0.50000   0.12154
  -0.40000   0.12278
  -0.30000   0.10964
  -0.20000   0.08522
  -0.10000   0.06442
   0.00000   0.05806
   0.10000   0.04903
   0.20000   0.03195
   0.30000   0.02345
   0.40000   0.02223
   0.50000   0.01867
   0.60000   0.01997
   0.70000   0.02686
   0.80000   0.02754
   0.90000   0.02280
   1.00000   0.01943
   1.10000   0.01913
   1.20000   0.02074
   1.30000   0.02241
   1.40000   0.01912
   1.50000   0.01321
   1.60000   0.01522
   1.70000   0.02061
   1.80000   0.01854
   1.90000   0.00984
   2.00000   0.00236
   2.10000   0.00003
   2.20000   0.00000
   2.30000   0.00000
   2.40000   0.00000
   2.50000   0.00000
   2.60000   0.00000
   2.70000   0.00000
   2.80000   0.00000
   2.90000   0.00000
   3.00000   0.00000
