 cyclotetramethylenetetranitramine sigma-profile (sigma [e/nm^2], p(sigma)*At [nm^2])
  -3.00000   0.00000
  -2.90000   0.00000
  -2.80000   0.00000
  -2.70000   0.00000
  -2.60000   0.00000
  -2.50000   0.00000
  -2.40000   0.00000
  -2.30000   0.00000
  -2.20000   0.00000
  -2.10000   0.00000
  -2.00000   0.00000
  -1.90000   0.00209
  -1.80000   0.00732
  -1.70000   0.01281
  -1.60000   0.02018
  -1.50000   0.03282
  -1.40000   0.04559
  -1.30000   0.06172
  -1.20000   0.08695
  -1.10000   0.10276
  -1.00000   0.10142
  -0.90000   0.10315
  -0.80000   0.11181
  -0.70000   0.09920
  -0.60000   0.06289
  -0.50000   0.03874
  -0.40000   0.03399
  -0.30000   0.03567
  -0.20000   0.03896
  -0.10000   0.04072
   0.00000   0.04202
   0.10000   0.04135
   0.20000   0.04255
   0.30000   0.05247
   0.40000   0.06555
   0.50000   0.10693
   0.60000   0.19943
   0.70000   0.25588
   0.80000   0.20689
   0.90000   0.13502
   1.00000   0.10304
   1.10000   0.07437
   1.20000   0.03392
   1.30000   0.00683
   1.40000   0.00000
   1.50000   0.00000
   1.60000   0.00000
   1.70000   0.00000
   1.80000   0.00000
   1.90000   0.00000
   2.00000   0.00000
   2.10000   0.00000
   2.20000   0.00000
   2.30000   0.00000
   2.40000   0.00000
   2.50000   0.00000
   2.60000   0.00000
   2.70000   0.00000
   2.80000   0.00000
   2.90000   0.00000
   3.00000   0.00000
