 nitrosylchloride sigma-profile (sigma [e/nm^2], p(sigma)*At [nm^2])
  -3.00000   0.00000
  -2.90000   0.00000
  -2.80000   0.00000
  -2.70000   0.00000
  -2.60000   0.00000
  -2.50000   0.00000
  -2.40000   0.00000
  -2.30000   0.00000
  -2.20000   0.00000
  -2.10000   0.00000
  -2.00000   0.00000
  -1.90000   0.00000
  -1.80000   0.00000
  -1.70000   0.00000
  -1.60000   0.00000
  -1.50000   0.00014
  -1.40000   0.00343
  -1.30000   0.01060
  -1.20000   0.01787
  -1.10000   0.02363
  -1.00000   0.02652
  -0.90000   0.02822
  -0.80000   0.03037
  -0.70000   0.03085
  -0.60000   0.03467
  -0.50000   0.04670
  -0.40000   0.05271
  -0.30000   0.04064
  -0.20000   0.02407
  -0.10000   0.02051
   0.00000   0.02389
   0.10000   0.01796
   0.20000   0.01451
   0.30000   0.02621
   0.40000   0.03937
   0.50000   0.04728
   0.60000   0.05996
   0.70000   0.07893
   0.80000   0.07594
   0.90000   0.04002
   1.00000   0.00838
   1.10000   0.00000
   1.20000   0.00000
   1.30000   0.00000
   1.40000   0.00000
   1.50000   0.00000
   1.60000   0.00000
   1.70000   0.00000
   1.80000   0.00000
   1.90000   0.00000
   2.00000   0.00000
   2.10000   0.00000
   2.20000   0.00000
   2.30000   0.00000
   2.40000   0.00000
   2.50000   0.00000
   2.60000   0.00000
   2.70000   0.00000
   2.80000   0.00000
   2.90000   0.00000
   3.00000   0.00000
