 bis-(2-aminoethyl)ether sigma-profile (sigma [e/nm^2], p(sigma)*At [nm^2])
  -3.00000   0.00000
  -2.90000   0.00000
  -2.80000   0.00000
  -2.70000   0.00000
  -2.60000   0.00000
  -2.50000   0.00000
  -2.40000   0.00000
  -2.30000   0.00000
  -2.20000   0.00000
  -2.10000   0.00000
  -2.00000   0.00000
  -1.90000   0.00000
  -1.80000   0.00000
  -1.70000   0.00000
  -1.60000   0.00000
  -1.50000   0.00000
  -1.40000   0.00000
  -1.30000   0.00174
  -1.20000   0.01298
  -1.10000   0.03102
  -1.00000   0.03912
  -0.90000   0.03581
  -0.80000   0.03281
  -0.70000   0.03722
  -0.60000   0.07043
  -0.50000   0.13822
  -0.40000   0.18173
  -0.30000   0.17076
  -0.20000   0.14121
  -0.10000   0.11914
   0.00000   0.09997
   0.10000   0.07107
   0.20000   0.04266
   0.30000   0.02651
   0.40000   0.02151
   0.50000   0.02243
   0.60000   0.02399
   0.70000   0.02652
   0.80000   0.02577
   0.90000   0.02123
   1.00000   0.01877
   1.10000   0.01959
   1.20000   0.02089
   1.30000   0.01934
   1.40000   0.01486
   1.50000   0.01246
   1.60000   0.01320
   1.70000   0.01239
   1.80000   0.01147
   1.90000   0.01146
   2.00000   0.01031
   2.10000   0.01050
   2.20000   0.01197
   2.30000   0.01127
   2.40000   0.00746
   2.50000   0.00272
   2.60000   0.00027
   2.70000   0.00000
   2.80000   0.00000
   2.90000   0.00000
   3.00000   0.00000
