 1-chloro-1,2,2,2-tetrafluoroethane sigma-profile (sigma [e/nm^2], p(sigma)*At [nm^2])
  -3.00000   0.00000
  -2.90000   0.00000
  -2.80000   0.00000
  -2.70000   0.00000
  -2.60000   0.00000
  -2.50000   0.00000
  -2.40000   0.00000
  -2.30000   0.00000
  -2.20000   0.00000
  -2.10000   0.00000
  -2.00000   0.00000
  -1.90000   0.00000
  -1.80000   0.00000
  -1.70000   0.00000
  -1.60000   0.00062
  -1.50000   0.00847
  -1.40000   0.02153
  -1.30000   0.02261
  -1.20000   0.01489
  -1.10000   0.01183
  -1.00000   0.01031
  -0.90000   0.00819
  -0.80000   0.00743
  -0.70000   0.01042
  -0.60000   0.01874
  -0.50000   0.02389
  -0.40000   0.02527
  -0.30000   0.03048
  -0.20000   0.04256
  -0.10000   0.06574
   0.00000   0.10771
   0.10000   0.19383
   0.20000   0.27252
   0.30000   0.22863
   0.40000   0.10124
   0.50000   0.01893
   0.60000   0.00019
   0.70000   0.00000
   0.80000   0.00000
   0.90000   0.00000
   1.00000   0.00000
   1.10000   0.00000
   1.20000   0.00000
   1.30000   0.00000
   1.40000   0.00000
   1.50000   0.00000
   1.60000   0.00000
   1.70000   0.00000
   1.80000   0.00000
   1.90000   0.00000
   2.00000   0.00000
   2.10000   0.00000
   2.20000   0.00000
   2.30000   0.00000
   2.40000   0.00000
   2.50000   0.00000
   2.60000   0.00000
   2.70000   0.00000
   2.80000   0.00000
   2.90000   0.00000
   3.00000   0.00000
