 iso-oxazole sigma-profile (sigma [e/nm^2], p(sigma)*At [nm^2])
  -3.00000   0.00000
  -2.90000   0.00000
  -2.80000   0.00000
  -2.70000   0.00000
  -2.60000   0.00000
  -2.50000   0.00000
  -2.40000   0.00000
  -2.30000   0.00000
  -2.20000   0.00000
  -2.10000   0.00000
  -2.00000   0.00000
  -1.90000   0.00000
  -1.80000   0.00000
  -1.70000   0.00000
  -1.60000   0.00000
  -1.50000   0.00000
  -1.40000   0.00000
  -1.30000   0.00361
  -1.20000   0.01532
  -1.10000   0.03192
  -1.00000   0.04164
  -0.90000   0.03953
  -0.80000   0.03484
  -0.70000   0.03391
  -0.60000   0.03693
  -0.50000   0.04120
  -0.40000   0.04283
  -0.30000   0.04127
  -0.20000   0.04459
  -0.10000   0.05536
   0.00000   0.06541
   0.10000   0.06837
   0.20000   0.06102
   0.30000   0.04950
   0.40000   0.03422
   0.50000   0.02463
   0.60000   0.03195
   0.70000   0.03911
   0.80000   0.03618
   0.90000   0.02574
   1.00000   0.01557
   1.10000   0.01421
   1.20000   0.01405
   1.30000   0.01149
   1.40000   0.01134
   1.50000   0.01158
   1.60000   0.00824
   1.70000   0.00304
   1.80000   0.00033
   1.90000   0.00000
   2.00000   0.00000
   2.10000   0.00000
   2.20000   0.00000
   2.30000   0.00000
   2.40000   0.00000
   2.50000   0.00000
   2.60000   0.00000
   2.70000   0.00000
   2.80000   0.00000
   2.90000   0.00000
   3.00000   0.00000
