 [3-(glycidyloxy)propyl]methyldiethoxysilane sigma-profile (sigma [e/nm^2], p(sigma)*At [nm^2])
  -3.00000   0.00000
  -2.90000   0.00000
  -2.80000   0.00000
  -2.70000   0.00000
  -2.60000   0.00000
  -2.50000   0.00000
  -2.40000   0.00000
  -2.30000   0.00000
  -2.20000   0.00000
  -2.10000   0.00000
  -2.00000   0.00000
  -1.90000   0.00000
  -1.80000   0.00000
  -1.70000   0.00000
  -1.60000   0.00000
  -1.50000   0.00000
  -1.40000   0.00000
  -1.30000   0.00000
  -1.20000   0.00000
  -1.10000   0.00000
  -1.00000   0.00000
  -0.90000   0.00748
  -0.80000   0.03242
  -0.70000   0.08041
  -0.60000   0.17271
  -0.50000   0.28272
  -0.40000   0.33663
  -0.30000   0.34036
  -0.20000   0.33455
  -0.10000   0.30589
   0.00000   0.25544
   0.10000   0.21981
   0.20000   0.17913
   0.30000   0.11263
   0.40000   0.06386
   0.50000   0.04403
   0.60000   0.03427
   0.70000   0.03253
   0.80000   0.03575
   0.90000   0.04003
   1.00000   0.04517
   1.10000   0.05000
   1.20000   0.04896
   1.30000   0.04326
   1.40000   0.03897
   1.50000   0.03869
   1.60000   0.03472
   1.70000   0.01837
   1.80000   0.00365
   1.90000   0.00000
   2.00000   0.00000
   2.10000   0.00000
   2.20000   0.00000
   2.30000   0.00000
   2.40000   0.00000
   2.50000   0.00000
   2.60000   0.00000
   2.70000   0.00000
   2.80000   0.00000
   2.90000   0.00000
   3.00000   0.00000
