 pyrazine sigma-profile (sigma [e/nm^2], p(sigma)*At [nm^2])
  -3.00000   0.00000
  -2.90000   0.00000
  -2.80000   0.00000
  -2.70000   0.00000
  -2.60000   0.00000
  -2.50000   0.00000
  -2.40000   0.00000
  -2.30000   0.00000
  -2.20000   0.00000
  -2.10000   0.00000
  -2.00000   0.00000
  -1.90000   0.00000
  -1.80000   0.00000
  -1.70000   0.00000
  -1.60000   0.00000
  -1.50000   0.00000
  -1.40000   0.00000
  -1.30000   0.00000
  -1.20000   0.00000
  -1.10000   0.00000
  -1.00000   0.01377
  -0.90000   0.04963
  -0.80000   0.07203
  -0.70000   0.06815
  -0.60000   0.05746
  -0.50000   0.04645
  -0.40000   0.05087
  -0.30000   0.06288
  -0.20000   0.08584
  -0.10000   0.12347
   0.00000   0.11650
   0.10000   0.06827
   0.20000   0.04268
   0.30000   0.03407
   0.40000   0.01980
   0.50000   0.01193
   0.60000   0.01592
   0.70000   0.02237
   0.80000   0.02247
   0.90000   0.01635
   1.00000   0.01125
   1.10000   0.01236
   1.20000   0.01942
   1.30000   0.02077
   1.40000   0.01201
   1.50000   0.00983
   1.60000   0.01512
   1.70000   0.01556
   1.80000   0.01155
   1.90000   0.00611
   2.00000   0.00153
   2.10000   0.00000
   2.20000   0.00000
   2.30000   0.00000
   2.40000   0.00000
   2.50000   0.00000
   2.60000   0.00000
   2.70000   0.00000
   2.80000   0.00000
   2.90000   0.00000
   3.00000   0.00000
