 methyl-3-mercaptopropionate sigma-profile (sigma [e/nm^2], p(sigma)*At [nm^2])
  -3.00000   0.00000
  -2.90000   0.00000
  -2.80000   0.00000
  -2.70000   0.00000
  -2.60000   0.00000
  -2.50000   0.00000
  -2.40000   0.00000
  -2.30000   0.00000
  -2.20000   0.00000
  -2.10000   0.00000
  -2.00000   0.00000
  -1.90000   0.00000
  -1.80000   0.00000
  -1.70000   0.00000
  -1.60000   0.00000
  -1.50000   0.00000
  -1.40000   0.00000
  -1.30000   0.00000
  -1.20000   0.00034
  -1.10000   0.00237
  -1.00000   0.00794
  -0.90000   0.02974
  -0.80000   0.07636
  -0.70000   0.11322
  -0.60000   0.11584
  -0.50000   0.10914
  -0.40000   0.11527
  -0.30000   0.12609
  -0.20000   0.11726
  -0.10000   0.09036
   0.00000   0.06629
   0.10000   0.05299
   0.20000   0.04731
   0.30000   0.04420
   0.40000   0.04591
   0.50000   0.04946
   0.60000   0.04848
   0.70000   0.04553
   0.80000   0.04112
   0.90000   0.03777
   1.00000   0.04053
   1.10000   0.04638
   1.20000   0.04448
   1.30000   0.03076
   1.40000   0.01606
   1.50000   0.00660
   1.60000   0.00143
   1.70000   0.00000
   1.80000   0.00000
   1.90000   0.00000
   2.00000   0.00000
   2.10000   0.00000
   2.20000   0.00000
   2.30000   0.00000
   2.40000   0.00000
   2.50000   0.00000
   2.60000   0.00000
   2.70000   0.00000
   2.80000   0.00000
   2.90000   0.00000
   3.00000   0.00000
