 dipropyleneglycoln-butylether sigma-profile (sigma [e/nm^2], p(sigma)*At [nm^2])
  -3.00000   0.00000
  -2.90000   0.00000
  -2.80000   0.00000
  -2.70000   0.00000
  -2.60000   0.00000
  -2.50000   0.00000
  -2.40000   0.00000
  -2.30000   0.00000
  -2.20000   0.00000
  -2.10000   0.00000
  -2.00000   0.00000
  -1.90000   0.00000
  -1.80000   0.00000
  -1.70000   0.00000
  -1.60000   0.00000
  -1.50000   0.00000
  -1.40000   0.00000
  -1.30000   0.00000
  -1.20000   0.00000
  -1.10000   0.00000
  -1.00000   0.00000
  -0.90000   0.00000
  -0.80000   0.00098
  -0.70000   0.02601
  -0.60000   0.10594
  -0.50000   0.22075
  -0.40000   0.29612
  -0.30000   0.29762
  -0.20000   0.27411
  -0.10000   0.25542
   0.00000   0.23402
   0.10000   0.21890
   0.20000   0.18734
   0.30000   0.11441
   0.40000   0.05109
   0.50000   0.02910
   0.60000   0.02165
   0.70000   0.01831
   0.80000   0.02219
   0.90000   0.02618
   1.00000   0.02268
   1.10000   0.01759
   1.20000   0.01899
   1.30000   0.02148
   1.40000   0.02016
   1.50000   0.02007
   1.60000   0.02255
   1.70000   0.02260
   1.80000   0.01799
   1.90000   0.01069
   2.00000   0.00341
   2.10000   0.00007
   2.20000   0.00000
   2.30000   0.00000
   2.40000   0.00000
   2.50000   0.00000
   2.60000   0.00000
   2.70000   0.00000
   2.80000   0.00000
   2.90000   0.00000
   3.00000   0.00000
