 2-methyl-octanoicacid sigma-profile (sigma [e/nm^2], p(sigma)*At [nm^2])
  -3.00000   0.00000
  -2.90000   0.00000
  -2.80000   0.00000
  -2.70000   0.00000
  -2.60000   0.00000
  -2.50000   0.00000
  -2.40000   0.00000
  -2.30000   0.00000
  -2.20000   0.00000
  -2.10000   0.00062
  -2.00000   0.00488
  -1.90000   0.01066
  -1.80000   0.01209
  -1.70000   0.01157
  -1.60000   0.00928
  -1.50000   0.00432
  -1.40000   0.00325
  -1.30000   0.00603
  -1.20000   0.00663
  -1.10000   0.00480
  -1.00000   0.00398
  -0.90000   0.00455
  -0.80000   0.00490
  -0.70000   0.01379
  -0.60000   0.04006
  -0.50000   0.09044
  -0.40000   0.17066
  -0.30000   0.23676
  -0.20000   0.24634
  -0.10000   0.23478
   0.00000   0.23533
   0.10000   0.22806
   0.20000   0.19939
   0.30000   0.14651
   0.40000   0.07527
   0.50000   0.02565
   0.60000   0.01482
   0.70000   0.01965
   0.80000   0.02175
   0.90000   0.02410
   1.00000   0.02944
   1.10000   0.03274
   1.20000   0.03370
   1.30000   0.02945
   1.40000   0.02282
   1.50000   0.01559
   1.60000   0.00641
   1.70000   0.00094
   1.80000   0.00000
   1.90000   0.00000
   2.00000   0.00000
   2.10000   0.00000
   2.20000   0.00000
   2.30000   0.00000
   2.40000   0.00000
   2.50000   0.00000
   2.60000   0.00000
   2.70000   0.00000
   2.80000   0.00000
   2.90000   0.00000
   3.00000   0.00000
