 4-hydroxymethyl-benzoic-acid sigma-profile (sigma [e/nm^2], p(sigma)*At [nm^2])
  -3.00000   0.00000
  -2.90000   0.00000
  -2.80000   0.00000
  -2.70000   0.00000
  -2.60000   0.00000
  -2.50000   0.00000
  -2.40000   0.00000
  -2.30000   0.00000
  -2.20000   0.00000
  -2.10000   0.00132
  -2.00000   0.00652
  -1.90000   0.01305
  -1.80000   0.01834
  -1.70000   0.02117
  -1.60000   0.01818
  -1.50000   0.01296
  -1.40000   0.01096
  -1.30000   0.01170
  -1.20000   0.01186
  -1.10000   0.01104
  -1.00000   0.01063
  -0.90000   0.02104
  -0.80000   0.05181
  -0.70000   0.08350
  -0.60000   0.09266
  -0.50000   0.08754
  -0.40000   0.08647
  -0.30000   0.08992
  -0.20000   0.09633
  -0.10000   0.09846
   0.00000   0.09569
   0.10000   0.10881
   0.20000   0.13262
   0.30000   0.13408
   0.40000   0.09258
   0.50000   0.03989
   0.60000   0.02492
   0.70000   0.03329
   0.80000   0.03390
   0.90000   0.03254
   1.00000   0.03357
   1.10000   0.03621
   1.20000   0.04087
   1.30000   0.04113
   1.40000   0.03847
   1.50000   0.03014
   1.60000   0.01466
   1.70000   0.00364
   1.80000   0.00039
   1.90000   0.00000
   2.00000   0.00000
   2.10000   0.00000
   2.20000   0.00000
   2.30000   0.00000
   2.40000   0.00000
   2.50000   0.00000
   2.60000   0.00000
   2.70000   0.00000
   2.80000   0.00000
   2.90000   0.00000
   3.00000   0.00000
