 methyllinolenate sigma-profile (sigma [e/nm^2], p(sigma)*At [nm^2])
  -3.00000   0.00000
  -2.90000   0.00000
  -2.80000   0.00000
  -2.70000   0.00000
  -2.60000   0.00000
  -2.50000   0.00000
  -2.40000   0.00000
  -2.30000   0.00000
  -2.20000   0.00000
  -2.10000   0.00000
  -2.00000   0.00000
  -1.90000   0.00000
  -1.80000   0.00000
  -1.70000   0.00000
  -1.60000   0.00000
  -1.50000   0.00000
  -1.40000   0.00000
  -1.30000   0.00000
  -1.20000   0.00000
  -1.10000   0.00000
  -1.00000   0.00000
  -0.90000   0.00337
  -0.80000   0.03280
  -0.70000   0.09638
  -0.60000   0.16871
  -0.50000   0.25610
  -0.40000   0.35645
  -0.30000   0.42082
  -0.20000   0.43747
  -0.10000   0.42082
   0.00000   0.38162
   0.10000   0.33644
   0.20000   0.28578
   0.30000   0.21472
   0.40000   0.13544
   0.50000   0.09535
   0.60000   0.09431
   0.70000   0.08954
   0.80000   0.07370
   0.90000   0.05959
   1.00000   0.04281
   1.10000   0.03126
   1.20000   0.03514
   1.30000   0.03566
   1.40000   0.02549
   1.50000   0.01486
   1.60000   0.00625
   1.70000   0.00106
   1.80000   0.00000
   1.90000   0.00000
   2.00000   0.00000
   2.10000   0.00000
   2.20000   0.00000
   2.30000   0.00000
   2.40000   0.00000
   2.50000   0.00000
   2.60000   0.00000
   2.70000   0.00000
   2.80000   0.00000
   2.90000   0.00000
   3.00000   0.00000
