 methylhydroperoxide sigma-profile (sigma [e/nm^2], p(sigma)*At [nm^2])
  -3.00000   0.00000
  -2.90000   0.00000
  -2.80000   0.00000
  -2.70000   0.00000
  -2.60000   0.00000
  -2.50000   0.00000
  -2.40000   0.00000
  -2.30000   0.00000
  -2.20000   0.00000
  -2.10000   0.00000
  -2.00000   0.00034
  -1.90000   0.00422
  -1.80000   0.01118
  -1.70000   0.01351
  -1.60000   0.00973
  -1.50000   0.00684
  -1.40000   0.00821
  -1.30000   0.00844
  -1.20000   0.00575
  -1.10000   0.00462
  -1.00000   0.00529
  -0.90000   0.00983
  -0.80000   0.01838
  -0.70000   0.03264
  -0.60000   0.04927
  -0.50000   0.05241
  -0.40000   0.05133
  -0.30000   0.05840
  -0.20000   0.05874
  -0.10000   0.04674
   0.00000   0.03157
   0.10000   0.02079
   0.20000   0.01720
   0.30000   0.01706
   0.40000   0.01664
   0.50000   0.01492
   0.60000   0.01480
   0.70000   0.01976
   0.80000   0.02442
   0.90000   0.02766
   1.00000   0.03409
   1.10000   0.04101
   1.20000   0.03892
   1.30000   0.02529
   1.40000   0.01178
   1.50000   0.00401
   1.60000   0.00050
   1.70000   0.00000
   1.80000   0.00000
   1.90000   0.00000
   2.00000   0.00000
   2.10000   0.00000
   2.20000   0.00000
   2.30000   0.00000
   2.40000   0.00000
   2.50000   0.00000
   2.60000   0.00000
   2.70000   0.00000
   2.80000   0.00000
   2.90000   0.00000
   3.00000   0.00000
