 vinylnorbornene sigma-profile (sigma [e/nm^2], p(sigma)*At [nm^2])
  -3.00000   0.00000
  -2.90000   0.00000
  -2.80000   0.00000
  -2.70000   0.00000
  -2.60000   0.00000
  -2.50000   0.00000
  -2.40000   0.00000
  -2.30000   0.00000
  -2.20000   0.00000
  -2.10000   0.00000
  -2.00000   0.00000
  -1.90000   0.00000
  -1.80000   0.00000
  -1.70000   0.00000
  -1.60000   0.00000
  -1.50000   0.00000
  -1.40000   0.00000
  -1.30000   0.00000
  -1.20000   0.00000
  -1.10000   0.00000
  -1.00000   0.00000
  -0.90000   0.00002
  -0.80000   0.00554
  -0.70000   0.02589
  -0.60000   0.06373
  -0.50000   0.11286
  -0.40000   0.14489
  -0.30000   0.14954
  -0.20000   0.14453
  -0.10000   0.14428
   0.00000   0.16611
   0.10000   0.18501
   0.20000   0.15679
   0.30000   0.09956
   0.40000   0.06484
   0.50000   0.05806
   0.60000   0.05162
   0.70000   0.03988
   0.80000   0.03328
   0.90000   0.02580
   1.00000   0.01326
   1.10000   0.00485
   1.20000   0.00116
   1.30000   0.00000
   1.40000   0.00000
   1.50000   0.00000
   1.60000   0.00000
   1.70000   0.00000
   1.80000   0.00000
   1.90000   0.00000
   2.00000   0.00000
   2.10000   0.00000
   2.20000   0.00000
   2.30000   0.00000
   2.40000   0.00000
   2.50000   0.00000
   2.60000   0.00000
   2.70000   0.00000
   2.80000   0.00000
   2.90000   0.00000
   3.00000   0.00000
