 1,1-dichloro-2,2,2-trifluoroethane sigma-profile (sigma [e/nm^2], p(sigma)*At [nm^2])
  -3.00000   0.00000
  -2.90000   0.00000
  -2.80000   0.00000
  -2.70000   0.00000
  -2.60000   0.00000
  -2.50000   0.00000
  -2.40000   0.00000
  -2.30000   0.00000
  -2.20000   0.00000
  -2.10000   0.00000
  -2.00000   0.00000
  -1.90000   0.00000
  -1.80000   0.00000
  -1.70000   0.00000
  -1.60000   0.00199
  -1.50000   0.01246
  -1.40000   0.02233
  -1.30000   0.01733
  -1.20000   0.01024
  -1.10000   0.00974
  -1.00000   0.00933
  -0.90000   0.00749
  -0.80000   0.00627
  -0.70000   0.01197
  -0.60000   0.02543
  -0.50000   0.03460
  -0.40000   0.03942
  -0.30000   0.04191
  -0.20000   0.04941
  -0.10000   0.07609
   0.00000   0.11314
   0.10000   0.19087
   0.20000   0.28772
   0.30000   0.25748
   0.40000   0.11112
   0.50000   0.01645
   0.60000   0.00000
   0.70000   0.00000
   0.80000   0.00000
   0.90000   0.00000
   1.00000   0.00000
   1.10000   0.00000
   1.20000   0.00000
   1.30000   0.00000
   1.40000   0.00000
   1.50000   0.00000
   1.60000   0.00000
   1.70000   0.00000
   1.80000   0.00000
   1.90000   0.00000
   2.00000   0.00000
   2.10000   0.00000
   2.20000   0.00000
   2.30000   0.00000
   2.40000   0.00000
   2.50000   0.00000
   2.60000   0.00000
   2.70000   0.00000
   2.80000   0.00000
   2.90000   0.00000
   3.00000   0.00000
