 1-phenylethylhydroperoxide sigma-profile (sigma [e/nm^2], p(sigma)*At [nm^2])
  -3.00000   0.00000
  -2.90000   0.00000
  -2.80000   0.00000
  -2.70000   0.00000
  -2.60000   0.00000
  -2.50000   0.00000
  -2.40000   0.00000
  -2.30000   0.00000
  -2.20000   0.00000
  -2.10000   0.00000
  -2.00000   0.00032
  -1.90000   0.00255
  -1.80000   0.00687
  -1.70000   0.00872
  -1.60000   0.00670
  -1.50000   0.00571
  -1.40000   0.00615
  -1.30000   0.00541
  -1.20000   0.00463
  -1.10000   0.00477
  -1.00000   0.00578
  -0.90000   0.00958
  -0.80000   0.03739
  -0.70000   0.09018
  -0.60000   0.12200
  -0.50000   0.12097
  -0.40000   0.11499
  -0.30000   0.11088
  -0.20000   0.10358
  -0.10000   0.10814
   0.00000   0.11623
   0.10000   0.10023
   0.20000   0.08604
   0.30000   0.09661
   0.40000   0.11282
   0.50000   0.10697
   0.60000   0.06650
   0.70000   0.02910
   0.80000   0.02233
   0.90000   0.02894
   1.00000   0.03544
   1.10000   0.03899
   1.20000   0.03560
   1.30000   0.02349
   1.40000   0.01061
   1.50000   0.00299
   1.60000   0.00025
   1.70000   0.00000
   1.80000   0.00000
   1.90000   0.00000
   2.00000   0.00000
   2.10000   0.00000
   2.20000   0.00000
   2.30000   0.00000
   2.40000   0.00000
   2.50000   0.00000
   2.60000   0.00000
   2.70000   0.00000
   2.80000   0.00000
   2.90000   0.00000
   3.00000   0.00000
