 3-ethylbenzo[b]thiophene sigma-profile (sigma [e/nm^2], p(sigma)*At [nm^2])
  -3.00000   0.00000
  -2.90000   0.00000
  -2.80000   0.00000
  -2.70000   0.00000
  -2.60000   0.00000
  -2.50000   0.00000
  -2.40000   0.00000
  -2.30000   0.00000
  -2.20000   0.00000
  -2.10000   0.00000
  -2.00000   0.00000
  -1.90000   0.00000
  -1.80000   0.00000
  -1.70000   0.00000
  -1.60000   0.00000
  -1.50000   0.00000
  -1.40000   0.00000
  -1.30000   0.00000
  -1.20000   0.00000
  -1.10000   0.00142
  -1.00000   0.00664
  -0.90000   0.01786
  -0.80000   0.03792
  -0.70000   0.06185
  -0.60000   0.08812
  -0.50000   0.11737
  -0.40000   0.13735
  -0.30000   0.13907
  -0.20000   0.13198
  -0.10000   0.13425
   0.00000   0.14069
   0.10000   0.14202
   0.20000   0.15237
   0.30000   0.17386
   0.40000   0.18608
   0.50000   0.16940
   0.60000   0.10790
   0.70000   0.03386
   0.80000   0.00192
   0.90000   0.00000
   1.00000   0.00000
   1.10000   0.00000
   1.20000   0.00000
   1.30000   0.00000
   1.40000   0.00000
   1.50000   0.00000
   1.60000   0.00000
   1.70000   0.00000
   1.80000   0.00000
   1.90000   0.00000
   2.00000   0.00000
   2.10000   0.00000
   2.20000   0.00000
   2.30000   0.00000
   2.40000   0.00000
   2.50000   0.00000
   2.60000   0.00000
   2.70000   0.00000
   2.80000   0.00000
   2.90000   0.00000
   3.00000   0.00000
