 3-(methylthio)-propanal sigma-profile (sigma [e/nm^2], p(sigma)*At [nm^2])
  -3.00000   0.00000
  -2.90000   0.00000
  -2.80000   0.00000
  -2.70000   0.00000
  -2.60000   0.00000
  -2.50000   0.00000
  -2.40000   0.00000
  -2.30000   0.00000
  -2.20000   0.00000
  -2.10000   0.00000
  -2.00000   0.00000
  -1.90000   0.00000
  -1.80000   0.00000
  -1.70000   0.00000
  -1.60000   0.00000
  -1.50000   0.00000
  -1.40000   0.00000
  -1.30000   0.00000
  -1.20000   0.00000
  -1.10000   0.00000
  -1.00000   0.00122
  -0.90000   0.01766
  -0.80000   0.06838
  -0.70000   0.12767
  -0.60000   0.14637
  -0.50000   0.13098
  -0.40000   0.10746
  -0.30000   0.08674
  -0.20000   0.08425
  -0.10000   0.08922
   0.00000   0.07862
   0.10000   0.05640
   0.20000   0.03880
   0.30000   0.03007
   0.40000   0.03301
   0.50000   0.04301
   0.60000   0.04024
   0.70000   0.03025
   0.80000   0.03148
   0.90000   0.03730
   1.00000   0.04214
   1.10000   0.04618
   1.20000   0.04394
   1.30000   0.03476
   1.40000   0.02242
   1.50000   0.01215
   1.60000   0.00439
   1.70000   0.00035
   1.80000   0.00000
   1.90000   0.00000
   2.00000   0.00000
   2.10000   0.00000
   2.20000   0.00000
   2.30000   0.00000
   2.40000   0.00000
   2.50000   0.00000
   2.60000   0.00000
   2.70000   0.00000
   2.80000   0.00000
   2.90000   0.00000
   3.00000   0.00000
