 sec-butyl-tert-butylether sigma-profile (sigma [e/nm^2], p(sigma)*At [nm^2])
  -3.00000   0.00000
  -2.90000   0.00000
  -2.80000   0.00000
  -2.70000   0.00000
  -2.60000   0.00000
  -2.50000   0.00000
  -2.40000   0.00000
  -2.30000   0.00000
  -2.20000   0.00000
  -2.10000   0.00000
  -2.00000   0.00000
  -1.90000   0.00000
  -1.80000   0.00000
  -1.70000   0.00000
  -1.60000   0.00000
  -1.50000   0.00000
  -1.40000   0.00000
  -1.30000   0.00000
  -1.20000   0.00000
  -1.10000   0.00000
  -1.00000   0.00000
  -0.90000   0.00000
  -0.80000   0.00005
  -0.70000   0.00636
  -0.60000   0.04262
  -0.50000   0.11953
  -0.40000   0.18916
  -0.30000   0.20948
  -0.20000   0.20394
  -0.10000   0.18484
   0.00000   0.18411
   0.10000   0.23315
   0.20000   0.24371
   0.30000   0.15495
   0.40000   0.05080
   0.50000   0.01176
   0.60000   0.01163
   0.70000   0.01069
   0.80000   0.00938
   0.90000   0.00859
   1.00000   0.00655
   1.10000   0.00593
   1.20000   0.00660
   1.30000   0.00672
   1.40000   0.00761
   1.50000   0.00770
   1.60000   0.00746
   1.70000   0.00896
   1.80000   0.00959
   1.90000   0.00664
   2.00000   0.00210
   2.10000   0.00000
   2.20000   0.00000
   2.30000   0.00000
   2.40000   0.00000
   2.50000   0.00000
   2.60000   0.00000
   2.70000   0.00000
   2.80000   0.00000
   2.90000   0.00000
   3.00000   0.00000
