 isobutyl-tert-butylether sigma-profile (sigma [e/nm^2], p(sigma)*At [nm^2])
  -3.00000   0.00000
  -2.90000   0.00000
  -2.80000   0.00000
  -2.70000   0.00000
  -2.60000   0.00000
  -2.50000   0.00000
  -2.40000   0.00000
  -2.30000   0.00000
  -2.20000   0.00000
  -2.10000   0.00000
  -2.00000   0.00000
  -1.90000   0.00000
  -1.80000   0.00000
  -1.70000   0.00000
  -1.60000   0.00000
  -1.50000   0.00000
  -1.40000   0.00000
  -1.30000   0.00000
  -1.20000   0.00000
  -1.10000   0.00000
  -1.00000   0.00000
  -0.90000   0.00000
  -0.80000   0.00000
  -0.70000   0.00204
  -0.60000   0.03014
  -0.50000   0.10592
  -0.40000   0.19237
  -0.30000   0.22597
  -0.20000   0.21390
  -0.10000   0.19386
   0.00000   0.18373
   0.10000   0.21853
   0.20000   0.24753
   0.30000   0.18045
   0.40000   0.07112
   0.50000   0.01880
   0.60000   0.01292
   0.70000   0.01029
   0.80000   0.00770
   0.90000   0.00634
   1.00000   0.00573
   1.10000   0.00736
   1.20000   0.00888
   1.30000   0.00807
   1.40000   0.00664
   1.50000   0.00552
   1.60000   0.00515
   1.70000   0.00569
   1.80000   0.00568
   1.90000   0.00353
   2.00000   0.00090
   2.10000   0.00000
   2.20000   0.00000
   2.30000   0.00000
   2.40000   0.00000
   2.50000   0.00000
   2.60000   0.00000
   2.70000   0.00000
   2.80000   0.00000
   2.90000   0.00000
   3.00000   0.00000
