 2,2-dimethylpropanoicacidethenylester sigma-profile (sigma [e/nm^2], p(sigma)*At [nm^2])
  -3.00000   0.00000
  -2.90000   0.00000
  -2.80000   0.00000
  -2.70000   0.00000
  -2.60000   0.00000
  -2.50000   0.00000
  -2.40000   0.00000
  -2.30000   0.00000
  -2.20000   0.00000
  -2.10000   0.00000
  -2.00000   0.00000
  -1.90000   0.00000
  -1.80000   0.00000
  -1.70000   0.00000
  -1.60000   0.00000
  -1.50000   0.00000
  -1.40000   0.00000
  -1.30000   0.00000
  -1.20000   0.00000
  -1.10000   0.00005
  -1.00000   0.00213
  -0.90000   0.01264
  -0.80000   0.02918
  -0.70000   0.04422
  -0.60000   0.07775
  -0.50000   0.13830
  -0.40000   0.16720
  -0.30000   0.15428
  -0.20000   0.13692
  -0.10000   0.12990
   0.00000   0.15840
   0.10000   0.18631
   0.20000   0.15234
   0.30000   0.08427
   0.40000   0.05547
   0.50000   0.05610
   0.60000   0.04510
   0.70000   0.02975
   0.80000   0.02021
   0.90000   0.01695
   1.00000   0.01869
   1.10000   0.02800
   1.20000   0.03223
   1.30000   0.02121
   1.40000   0.00869
   1.50000   0.00293
   1.60000   0.00061
   1.70000   0.00000
   1.80000   0.00000
   1.90000   0.00000
   2.00000   0.00000
   2.10000   0.00000
   2.20000   0.00000
   2.30000   0.00000
   2.40000   0.00000
   2.50000   0.00000
   2.60000   0.00000
   2.70000   0.00000
   2.80000   0.00000
   2.90000   0.00000
   3.00000   0.00000
