 2-ethyl-1-pentene sigma-profile (sigma [e/nm^2], p(sigma)*At [nm^2])
  -3.00000   0.00000
  -2.90000   0.00000
  -2.80000   0.00000
  -2.70000   0.00000
  -2.60000   0.00000
  -2.50000   0.00000
  -2.40000   0.00000
  -2.30000   0.00000
  -2.20000   0.00000
  -2.10000   0.00000
  -2.00000   0.00000
  -1.90000   0.00000
  -1.80000   0.00000
  -1.70000   0.00000
  -1.60000   0.00000
  -1.50000   0.00000
  -1.40000   0.00000
  -1.30000   0.00000
  -1.20000   0.00000
  -1.10000   0.00000
  -1.00000   0.00000
  -0.90000   0.00000
  -0.80000   0.00000
  -0.70000   0.00174
  -0.60000   0.01891
  -0.50000   0.07778
  -0.40000   0.15570
  -0.30000   0.18447
  -0.20000   0.17561
  -0.10000   0.17471
   0.00000   0.17953
   0.10000   0.19213
   0.20000   0.18954
   0.30000   0.13223
   0.40000   0.05794
   0.50000   0.03085
   0.60000   0.03169
   0.70000   0.02370
   0.80000   0.01894
   0.90000   0.01992
   1.00000   0.01280
   1.10000   0.00372
   1.20000   0.00058
   1.30000   0.00000
   1.40000   0.00000
   1.50000   0.00000
   1.60000   0.00000
   1.70000   0.00000
   1.80000   0.00000
   1.90000   0.00000
   2.00000   0.00000
   2.10000   0.00000
   2.20000   0.00000
   2.30000   0.00000
   2.40000   0.00000
   2.50000   0.00000
   2.60000   0.00000
   2.70000   0.00000
   2.80000   0.00000
   2.90000   0.00000
   3.00000   0.00000
