 trans-4-methyl-cyclohexane-methanol sigma-profile (sigma [e/nm^2], p(sigma)*At [nm^2])
  -3.00000   0.00000
  -2.90000   0.00000
  -2.80000   0.00000
  -2.70000   0.00000
  -2.60000   0.00000
  -2.50000   0.00000
  -2.40000   0.00000
  -2.30000   0.00000
  -2.20000   0.00000
  -2.10000   0.00000
  -2.00000   0.00000
  -1.90000   0.00000
  -1.80000   0.00136
  -1.70000   0.00579
  -1.60000   0.01036
  -1.50000   0.01012
  -1.40000   0.00771
  -1.30000   0.00719
  -1.20000   0.00718
  -1.10000   0.00642
  -1.00000   0.00509
  -0.90000   0.00522
  -0.80000   0.00601
  -0.70000   0.00618
  -0.60000   0.01328
  -0.50000   0.05105
  -0.40000   0.12853
  -0.30000   0.19685
  -0.20000   0.21656
  -0.10000   0.21093
   0.00000   0.20367
   0.10000   0.19104
   0.20000   0.16689
   0.30000   0.12209
   0.40000   0.06157
   0.50000   0.02060
   0.60000   0.01053
   0.70000   0.01017
   0.80000   0.00897
   0.90000   0.00799
   1.00000   0.00717
   1.10000   0.00758
   1.20000   0.01153
   1.30000   0.01356
   1.40000   0.01184
   1.50000   0.01419
   1.60000   0.01821
   1.70000   0.01499
   1.80000   0.00712
   1.90000   0.00161
   2.00000   0.00000
   2.10000   0.00000
   2.20000   0.00000
   2.30000   0.00000
   2.40000   0.00000
   2.50000   0.00000
   2.60000   0.00000
   2.70000   0.00000
   2.80000   0.00000
   2.90000   0.00000
   3.00000   0.00000
