 3-ethyl-1-heptanol sigma-profile (sigma [e/nm^2], p(sigma)*At [nm^2])
  -3.00000   0.00000
  -2.90000   0.00000
  -2.80000   0.00000
  -2.70000   0.00000
  -2.60000   0.00000
  -2.50000   0.00000
  -2.40000   0.00000
  -2.30000   0.00000
  -2.20000   0.00000
  -2.10000   0.00000
  -2.00000   0.00000
  -1.90000   0.00000
  -1.80000   0.00152
  -1.70000   0.00592
  -1.60000   0.01011
  -1.50000   0.00999
  -1.40000   0.00823
  -1.30000   0.00829
  -1.20000   0.00734
  -1.10000   0.00529
  -1.00000   0.00479
  -0.90000   0.00547
  -0.80000   0.00628
  -0.70000   0.00916
  -0.60000   0.02470
  -0.50000   0.07766
  -0.40000   0.16843
  -0.30000   0.22830
  -0.20000   0.23751
  -0.10000   0.24370
   0.00000   0.24212
   0.10000   0.23766
   0.20000   0.23646
   0.30000   0.18163
   0.40000   0.07963
   0.50000   0.01920
   0.60000   0.01167
   0.70000   0.01151
   0.80000   0.00842
   0.90000   0.00618
   1.00000   0.00585
   1.10000   0.00980
   1.20000   0.01447
   1.30000   0.01303
   1.40000   0.01080
   1.50000   0.01545
   1.60000   0.02100
   1.70000   0.01719
   1.80000   0.00766
   1.90000   0.00162
   2.00000   0.00007
   2.10000   0.00000
   2.20000   0.00000
   2.30000   0.00000
   2.40000   0.00000
   2.50000   0.00000
   2.60000   0.00000
   2.70000   0.00000
   2.80000   0.00000
   2.90000   0.00000
   3.00000   0.00000
