 1,1,1-trichloro-2,2,2-trifluoroethane sigma-profile (sigma [e/nm^2], p(sigma)*At [nm^2])
  -3.00000   0.00000
  -2.90000   0.00000
  -2.80000   0.00000
  -2.70000   0.00000
  -2.60000   0.00000
  -2.50000   0.00000
  -2.40000   0.00000
  -2.30000   0.00000
  -2.20000   0.00000
  -2.10000   0.00000
  -2.00000   0.00000
  -1.90000   0.00000
  -1.80000   0.00000
  -1.70000   0.00000
  -1.60000   0.00000
  -1.50000   0.00000
  -1.40000   0.00000
  -1.30000   0.00000
  -1.20000   0.00000
  -1.10000   0.00000
  -1.00000   0.00000
  -0.90000   0.00096
  -0.80000   0.01117
  -0.70000   0.02535
  -0.60000   0.03773
  -0.50000   0.05003
  -0.40000   0.04593
  -0.30000   0.05612
  -0.20000   0.09056
  -0.10000   0.12383
   0.00000   0.22613
   0.10000   0.37556
   0.20000   0.33566
   0.30000   0.11762
   0.40000   0.00230
   0.50000   0.00000
   0.60000   0.00000
   0.70000   0.00000
   0.80000   0.00000
   0.90000   0.00000
   1.00000   0.00000
   1.10000   0.00000
   1.20000   0.00000
   1.30000   0.00000
   1.40000   0.00000
   1.50000   0.00000
   1.60000   0.00000
   1.70000   0.00000
   1.80000   0.00000
   1.90000   0.00000
   2.00000   0.00000
   2.10000   0.00000
   2.20000   0.00000
   2.30000   0.00000
   2.40000   0.00000
   2.50000   0.00000
   2.60000   0.00000
   2.70000   0.00000
   2.80000   0.00000
   2.90000   0.00000
   3.00000   0.00000
