 1,2-dichloro-1,1,2-trifluoroethane sigma-profile (sigma [e/nm^2], p(sigma)*At [nm^2])
  -3.00000   0.00000
  -2.90000   0.00000
  -2.80000   0.00000
  -2.70000   0.00000
  -2.60000   0.00000
  -2.50000   0.00000
  -2.40000   0.00000
  -2.30000   0.00000
  -2.20000   0.00000
  -2.10000   0.00000
  -2.00000   0.00000
  -1.90000   0.00000
  -1.80000   0.00000
  -1.70000   0.00000
  -1.60000   0.00030
  -1.50000   0.00671
  -1.40000   0.01874
  -1.30000   0.02127
  -1.20000   0.01385
  -1.10000   0.00982
  -1.00000   0.00970
  -0.90000   0.00903
  -0.80000   0.00890
  -0.70000   0.01150
  -0.60000   0.02092
  -0.50000   0.03525
  -0.40000   0.04541
  -0.30000   0.04492
  -0.20000   0.04835
  -0.10000   0.07563
   0.00000   0.12272
   0.10000   0.20445
   0.20000   0.27899
   0.30000   0.23826
   0.40000   0.11183
   0.50000   0.02287
   0.60000   0.00000
   0.70000   0.00000
   0.80000   0.00000
   0.90000   0.00000
   1.00000   0.00000
   1.10000   0.00000
   1.20000   0.00000
   1.30000   0.00000
   1.40000   0.00000
   1.50000   0.00000
   1.60000   0.00000
   1.70000   0.00000
   1.80000   0.00000
   1.90000   0.00000
   2.00000   0.00000
   2.10000   0.00000
   2.20000   0.00000
   2.30000   0.00000
   2.40000   0.00000
   2.50000   0.00000
   2.60000   0.00000
   2.70000   0.00000
   2.80000   0.00000
   2.90000   0.00000
   3.00000   0.00000
