 1,2-dichloro-1,2,3,3,4,4-hexafluorocyclobutane sigma-profile (sigma [e/nm^2], p(sigma)*At [nm^2])
  -3.00000   0.00000
  -2.90000   0.00000
  -2.80000   0.00000
  -2.70000   0.00000
  -2.60000   0.00000
  -2.50000   0.00000
  -2.40000   0.00000
  -2.30000   0.00000
  -2.20000   0.00000
  -2.10000   0.00000
  -2.00000   0.00000
  -1.90000   0.00000
  -1.80000   0.00000
  -1.70000   0.00000
  -1.60000   0.00000
  -1.50000   0.00000
  -1.40000   0.00000
  -1.30000   0.00027
  -1.20000   0.00218
  -1.10000   0.00729
  -1.00000   0.01165
  -0.90000   0.01511
  -0.80000   0.02142
  -0.70000   0.02635
  -0.60000   0.03565
  -0.50000   0.05222
  -0.40000   0.05882
  -0.30000   0.06467
  -0.20000   0.07673
  -0.10000   0.10703
   0.00000   0.22955
   0.10000   0.40688
   0.20000   0.40210
   0.30000   0.18643
   0.40000   0.02813
   0.50000   0.00000
   0.60000   0.00000
   0.70000   0.00000
   0.80000   0.00000
   0.90000   0.00000
   1.00000   0.00000
   1.10000   0.00000
   1.20000   0.00000
   1.30000   0.00000
   1.40000   0.00000
   1.50000   0.00000
   1.60000   0.00000
   1.70000   0.00000
   1.80000   0.00000
   1.90000   0.00000
   2.00000   0.00000
   2.10000   0.00000
   2.20000   0.00000
   2.30000   0.00000
   2.40000   0.00000
   2.50000   0.00000
   2.60000   0.00000
   2.70000   0.00000
   2.80000   0.00000
   2.90000   0.00000
   3.00000   0.00000
