 1,1,2,2-tetrafluoroethane sigma-profile (sigma [e/nm^2], p(sigma)*At [nm^2])
  -3.00000   0.00000
  -2.90000   0.00000
  -2.80000   0.00000
  -2.70000   0.00000
  -2.60000   0.00000
  -2.50000   0.00000
  -2.40000   0.00000
  -2.30000   0.00000
  -2.20000   0.00000
  -2.10000   0.00000
  -2.00000   0.00000
  -1.90000   0.00000
  -1.80000   0.00000
  -1.70000   0.00000
  -1.60000   0.00000
  -1.50000   0.00000
  -1.40000   0.00088
  -1.30000   0.02128
  -1.20000   0.05034
  -1.10000   0.04564
  -1.00000   0.02739
  -0.90000   0.02251
  -0.80000   0.02093
  -0.70000   0.02122
  -0.60000   0.02161
  -0.50000   0.01885
  -0.40000   0.01635
  -0.30000   0.01643
  -0.20000   0.01863
  -0.10000   0.02668
   0.00000   0.03897
   0.10000   0.04653
   0.20000   0.07497
   0.30000   0.17066
   0.40000   0.23406
   0.50000   0.14830
   0.60000   0.03398
   0.70000   0.00000
   0.80000   0.00000
   0.90000   0.00000
   1.00000   0.00000
   1.10000   0.00000
   1.20000   0.00000
   1.30000   0.00000
   1.40000   0.00000
   1.50000   0.00000
   1.60000   0.00000
   1.70000   0.00000
   1.80000   0.00000
   1.90000   0.00000
   2.00000   0.00000
   2.10000   0.00000
   2.20000   0.00000
   2.30000   0.00000
   2.40000   0.00000
   2.50000   0.00000
   2.60000   0.00000
   2.70000   0.00000
   2.80000   0.00000
   2.90000   0.00000
   3.00000   0.00000
