 1,2-benzenedicarboxylicaciddiheptylester sigma-profile (sigma [e/nm^2], p(sigma)*At [nm^2])
  -3.00000   0.00000
  -2.90000   0.00000
  -2.80000   0.00000
  -2.70000   0.00000
  -2.60000   0.00000
  -2.50000   0.00000
  -2.40000   0.00000
  -2.30000   0.00000
  -2.20000   0.00000
  -2.10000   0.00000
  -2.00000   0.00000
  -1.90000   0.00000
  -1.80000   0.00000
  -1.70000   0.00000
  -1.60000   0.00000
  -1.50000   0.00000
  -1.40000   0.00000
  -1.30000   0.00000
  -1.20000   0.00000
  -1.10000   0.00000
  -1.00000   0.00588
  -0.90000   0.02723
  -0.80000   0.06361
  -0.70000   0.09689
  -0.60000   0.12632
  -0.50000   0.20784
  -0.40000   0.36177
  -0.30000   0.48449
  -0.20000   0.50186
  -0.10000   0.46993
   0.00000   0.44233
   0.10000   0.43856
   0.20000   0.44675
   0.30000   0.35654
   0.40000   0.16827
   0.50000   0.05156
   0.60000   0.03352
   0.70000   0.03651
   0.80000   0.03828
   0.90000   0.03835
   1.00000   0.03828
   1.10000   0.04881
   1.20000   0.06408
   1.30000   0.05620
   1.40000   0.03408
   1.50000   0.01627
   1.60000   0.00460
   1.70000   0.00045
   1.80000   0.00000
   1.90000   0.00000
   2.00000   0.00000
   2.10000   0.00000
   2.20000   0.00000
   2.30000   0.00000
   2.40000   0.00000
   2.50000   0.00000
   2.60000   0.00000
   2.70000   0.00000
   2.80000   0.00000
   2.90000   0.00000
   3.00000   0.00000
