 n-ethyl-n-hydroxyethanamine sigma-profile (sigma [e/nm^2], p(sigma)*At [nm^2])
  -3.00000   0.00000
  -2.90000   0.00000
  -2.80000   0.00000
  -2.70000   0.00000
  -2.60000   0.00000
  -2.50000   0.00000
  -2.40000   0.00000
  -2.30000   0.00000
  -2.20000   0.00000
  -2.10000   0.00000
  -2.00000   0.00000
  -1.90000   0.00007
  -1.80000   0.00277
  -1.70000   0.00773
  -1.60000   0.00989
  -1.50000   0.00892
  -1.40000   0.00756
  -1.30000   0.00626
  -1.20000   0.00500
  -1.10000   0.00440
  -1.00000   0.00363
  -0.90000   0.00362
  -0.80000   0.00590
  -0.70000   0.01829
  -0.60000   0.04476
  -0.50000   0.07892
  -0.40000   0.11261
  -0.30000   0.12759
  -0.20000   0.13094
  -0.10000   0.13573
   0.00000   0.13970
   0.10000   0.14341
   0.20000   0.12711
   0.30000   0.08351
   0.40000   0.03692
   0.50000   0.01442
   0.60000   0.01363
   0.70000   0.01400
   0.80000   0.01279
   0.90000   0.01210
   1.00000   0.01002
   1.10000   0.01048
   1.20000   0.01541
   1.30000   0.01665
   1.40000   0.01563
   1.50000   0.01739
   1.60000   0.01378
   1.70000   0.00598
   1.80000   0.00283
   1.90000   0.00282
   2.00000   0.00305
   2.10000   0.00235
   2.20000   0.00072
   2.30000   0.00000
   2.40000   0.00000
   2.50000   0.00000
   2.60000   0.00000
   2.70000   0.00000
   2.80000   0.00000
   2.90000   0.00000
   3.00000   0.00000
