 1-methoxy-2-propanamine sigma-profile (sigma [e/nm^2], p(sigma)*At [nm^2])
  -3.00000   0.00000
  -2.90000   0.00000
  -2.80000   0.00000
  -2.70000   0.00000
  -2.60000   0.00000
  -2.50000   0.00000
  -2.40000   0.00000
  -2.30000   0.00000
  -2.20000   0.00000
  -2.10000   0.00000
  -2.00000   0.00000
  -1.90000   0.00000
  -1.80000   0.00000
  -1.70000   0.00000
  -1.60000   0.00000
  -1.50000   0.00000
  -1.40000   0.00000
  -1.30000   0.00102
  -1.20000   0.00567
  -1.10000   0.01379
  -1.00000   0.01857
  -0.90000   0.01685
  -0.80000   0.01587
  -0.70000   0.02189
  -0.60000   0.05310
  -0.50000   0.11063
  -0.40000   0.14930
  -0.30000   0.15107
  -0.20000   0.14397
  -0.10000   0.14092
   0.00000   0.12848
   0.10000   0.10526
   0.20000   0.07346
   0.30000   0.03738
   0.40000   0.01920
   0.50000   0.01968
   0.60000   0.02039
   0.70000   0.01634
   0.80000   0.01297
   0.90000   0.01354
   1.00000   0.01476
   1.10000   0.01479
   1.20000   0.01615
   1.30000   0.01665
   1.40000   0.01372
   1.50000   0.01055
   1.60000   0.01010
   1.70000   0.00913
   1.80000   0.00662
   1.90000   0.00539
   2.00000   0.00401
   2.10000   0.00413
   2.20000   0.00560
   2.30000   0.00501
   2.40000   0.00410
   2.50000   0.00273
   2.60000   0.00072
   2.70000   0.00000
   2.80000   0.00000
   2.90000   0.00000
   3.00000   0.00000
