 6-aminohexanamide sigma-profile (sigma [e/nm^2], p(sigma)*At [nm^2])
  -3.00000   0.00000
  -2.90000   0.00000
  -2.80000   0.00000
  -2.70000   0.00000
  -2.60000   0.00000
  -2.50000   0.00000
  -2.40000   0.00000
  -2.30000   0.00000
  -2.20000   0.00000
  -2.10000   0.00000
  -2.00000   0.00000
  -1.90000   0.00000
  -1.80000   0.00085
  -1.70000   0.00629
  -1.60000   0.01753
  -1.50000   0.02540
  -1.40000   0.02344
  -1.30000   0.01889
  -1.20000   0.02388
  -1.10000   0.03535
  -1.00000   0.03906
  -0.90000   0.03681
  -0.80000   0.03436
  -0.70000   0.03681
  -0.60000   0.05129
  -0.50000   0.09072
  -0.40000   0.14856
  -0.30000   0.17845
  -0.20000   0.17381
  -0.10000   0.16069
   0.00000   0.13668
   0.10000   0.10822
   0.20000   0.08978
   0.30000   0.06712
   0.40000   0.03871
   0.50000   0.02749
   0.60000   0.02868
   0.70000   0.02329
   0.80000   0.01376
   0.90000   0.00815
   1.00000   0.01009
   1.10000   0.01639
   1.20000   0.01664
   1.30000   0.01471
   1.40000   0.02495
   1.50000   0.04183
   1.60000   0.04432
   1.70000   0.03214
   1.80000   0.02157
   1.90000   0.01591
   2.00000   0.01041
   2.10000   0.00686
   2.20000   0.00591
   2.30000   0.00530
   2.40000   0.00454
   2.50000   0.00255
   2.60000   0.00055
   2.70000   0.00000
   2.80000   0.00000
   2.90000   0.00000
   3.00000   0.00000
