 heptafluoropropyl-methyl-ether sigma-profile (sigma [e/nm^2], p(sigma)*At [nm^2])
  -3.00000   0.00000
  -2.90000   0.00000
  -2.80000   0.00000
  -2.70000   0.00000
  -2.60000   0.00000
  -2.50000   0.00000
  -2.40000   0.00000
  -2.30000   0.00000
  -2.20000   0.00000
  -2.10000   0.00000
  -2.00000   0.00000
  -1.90000   0.00000
  -1.80000   0.00000
  -1.70000   0.00000
  -1.60000   0.00000
  -1.50000   0.00000
  -1.40000   0.00000
  -1.30000   0.00000
  -1.20000   0.00000
  -1.10000   0.00001
  -1.00000   0.00768
  -0.90000   0.02963
  -0.80000   0.04682
  -0.70000   0.04567
  -0.60000   0.04437
  -0.50000   0.05770
  -0.40000   0.07018
  -0.30000   0.06873
  -0.20000   0.06825
  -0.10000   0.09001
   0.00000   0.16915
   0.10000   0.29382
   0.20000   0.32880
   0.30000   0.22177
   0.40000   0.09977
   0.50000   0.03460
   0.60000   0.01092
   0.70000   0.00556
   0.80000   0.00158
   0.90000   0.00002
   1.00000   0.00000
   1.10000   0.00000
   1.20000   0.00000
   1.30000   0.00000
   1.40000   0.00000
   1.50000   0.00000
   1.60000   0.00000
   1.70000   0.00000
   1.80000   0.00000
   1.90000   0.00000
   2.00000   0.00000
   2.10000   0.00000
   2.20000   0.00000
   2.30000   0.00000
   2.40000   0.00000
   2.50000   0.00000
   2.60000   0.00000
   2.70000   0.00000
   2.80000   0.00000
   2.90000   0.00000
   3.00000   0.00000
