 perfluorobutanoicacid sigma-profile (sigma [e/nm^2], p(sigma)*At [nm^2])
  -3.00000   0.00000
  -2.90000   0.00000
  -2.80000   0.00000
  -2.70000   0.00000
  -2.60000   0.00000
  -2.50000   0.00000
  -2.40000   0.00004
  -2.30000   0.00406
  -2.20000   0.01257
  -2.10000   0.01655
  -2.00000   0.01335
  -1.90000   0.00805
  -1.80000   0.00592
  -1.70000   0.00757
  -1.60000   0.00732
  -1.50000   0.00421
  -1.40000   0.00234
  -1.30000   0.00414
  -1.20000   0.00831
  -1.10000   0.01081
  -1.00000   0.01004
  -0.90000   0.01031
  -0.80000   0.01522
  -0.70000   0.02086
  -0.60000   0.02386
  -0.50000   0.02558
  -0.40000   0.03228
  -0.30000   0.04544
  -0.20000   0.06261
  -0.10000   0.11852
   0.00000   0.24668
   0.10000   0.34295
   0.20000   0.26864
   0.30000   0.11491
   0.40000   0.04080
   0.50000   0.02989
   0.60000   0.02870
   0.70000   0.03060
   0.80000   0.03258
   0.90000   0.03346
   1.00000   0.02925
   1.10000   0.01933
   1.20000   0.00785
   1.30000   0.00114
   1.40000   0.00000
   1.50000   0.00000
   1.60000   0.00000
   1.70000   0.00000
   1.80000   0.00000
   1.90000   0.00000
   2.00000   0.00000
   2.10000   0.00000
   2.20000   0.00000
   2.30000   0.00000
   2.40000   0.00000
   2.50000   0.00000
   2.60000   0.00000
   2.70000   0.00000
   2.80000   0.00000
   2.90000   0.00000
   3.00000   0.00000
