 4-methyl-1-hexene sigma-profile (sigma [e/nm^2], p(sigma)*At [nm^2])
  -3.00000   0.00000
  -2.90000   0.00000
  -2.80000   0.00000
  -2.70000   0.00000
  -2.60000   0.00000
  -2.50000   0.00000
  -2.40000   0.00000
  -2.30000   0.00000
  -2.20000   0.00000
  -2.10000   0.00000
  -2.00000   0.00000
  -1.90000   0.00000
  -1.80000   0.00000
  -1.70000   0.00000
  -1.60000   0.00000
  -1.50000   0.00000
  -1.40000   0.00000
  -1.30000   0.00000
  -1.20000   0.00000
  -1.10000   0.00000
  -1.00000   0.00000
  -0.90000   0.00000
  -0.80000   0.00041
  -0.70000   0.00954
  -0.60000   0.03243
  -0.50000   0.07289
  -0.40000   0.13597
  -0.30000   0.17674
  -0.20000   0.17700
  -0.10000   0.17066
   0.00000   0.16307
   0.10000   0.17502
   0.20000   0.19280
   0.30000   0.15455
   0.40000   0.08029
   0.50000   0.04000
   0.60000   0.03208
   0.70000   0.02483
   0.80000   0.01838
   0.90000   0.01248
   1.00000   0.00494
   1.10000   0.00066
   1.20000   0.00000
   1.30000   0.00000
   1.40000   0.00000
   1.50000   0.00000
   1.60000   0.00000
   1.70000   0.00000
   1.80000   0.00000
   1.90000   0.00000
   2.00000   0.00000
   2.10000   0.00000
   2.20000   0.00000
   2.30000   0.00000
   2.40000   0.00000
   2.50000   0.00000
   2.60000   0.00000
   2.70000   0.00000
   2.80000   0.00000
   2.90000   0.00000
   3.00000   0.00000
