 3-hydroxy-2-methylpropanal sigma-profile (sigma [e/nm^2], p(sigma)*At [nm^2])
  -3.00000   0.00000
  -2.90000   0.00000
  -2.80000   0.00000
  -2.70000   0.00000
  -2.60000   0.00000
  -2.50000   0.00000
  -2.40000   0.00000
  -2.30000   0.00000
  -2.20000   0.00000
  -2.10000   0.00000
  -2.00000   0.00000
  -1.90000   0.00000
  -1.80000   0.00000
  -1.70000   0.00000
  -1.60000   0.00000
  -1.50000   0.00066
  -1.40000   0.00265
  -1.30000   0.00475
  -1.20000   0.00517
  -1.10000   0.00365
  -1.00000   0.00347
  -0.90000   0.01230
  -0.80000   0.03801
  -0.70000   0.08104
  -0.60000   0.12330
  -0.50000   0.13578
  -0.40000   0.11795
  -0.30000   0.09000
  -0.20000   0.07152
  -0.10000   0.07514
   0.00000   0.08171
   0.10000   0.06486
   0.20000   0.03408
   0.30000   0.01795
   0.40000   0.01650
   0.50000   0.01744
   0.60000   0.01954
   0.70000   0.02006
   0.80000   0.02161
   0.90000   0.02851
   1.00000   0.03269
   1.10000   0.02914
   1.20000   0.02592
   1.30000   0.02394
   1.40000   0.02014
   1.50000   0.02045
   1.60000   0.02198
   1.70000   0.01515
   1.80000   0.00535
   1.90000   0.00078
   2.00000   0.00000
   2.10000   0.00000
   2.20000   0.00000
   2.30000   0.00000
   2.40000   0.00000
   2.50000   0.00000
   2.60000   0.00000
   2.70000   0.00000
   2.80000   0.00000
   2.90000   0.00000
   3.00000   0.00000
