 6-methyl-1-octanol sigma-profile (sigma [e/nm^2], p(sigma)*At [nm^2])
  -3.00000   0.00000
  -2.90000   0.00000
  -2.80000   0.00000
  -2.70000   0.00000
  -2.60000   0.00000
  -2.50000   0.00000
  -2.40000   0.00000
  -2.30000   0.00000
  -2.20000   0.00000
  -2.10000   0.00000
  -2.00000   0.00000
  -1.90000   0.00000
  -1.80000   0.00158
  -1.70000   0.00609
  -1.60000   0.01019
  -1.50000   0.00979
  -1.40000   0.00794
  -1.30000   0.00858
  -1.20000   0.00829
  -1.10000   0.00571
  -1.00000   0.00433
  -0.90000   0.00478
  -0.80000   0.00519
  -0.70000   0.00832
  -0.60000   0.02142
  -0.50000   0.07012
  -0.40000   0.16474
  -0.30000   0.24127
  -0.20000   0.25739
  -0.10000   0.25251
   0.00000   0.24570
   0.10000   0.23105
   0.20000   0.22143
   0.30000   0.18115
   0.40000   0.08933
   0.50000   0.02161
   0.60000   0.00866
   0.70000   0.01052
   0.80000   0.00896
   0.90000   0.00723
   1.00000   0.00770
   1.10000   0.00998
   1.20000   0.01279
   1.30000   0.01291
   1.40000   0.01142
   1.50000   0.01557
   1.60000   0.02108
   1.70000   0.01671
   1.80000   0.00767
   1.90000   0.00191
   2.00000   0.00000
   2.10000   0.00000
   2.20000   0.00000
   2.30000   0.00000
   2.40000   0.00000
   2.50000   0.00000
   2.60000   0.00000
   2.70000   0.00000
   2.80000   0.00000
   2.90000   0.00000
   3.00000   0.00000
