 1-(methylthio)-propane sigma-profile (sigma [e/nm^2], p(sigma)*At [nm^2])
  -3.00000   0.00000
  -2.90000   0.00000
  -2.80000   0.00000
  -2.70000   0.00000
  -2.60000   0.00000
  -2.50000   0.00000
  -2.40000   0.00000
  -2.30000   0.00000
  -2.20000   0.00000
  -2.10000   0.00000
  -2.00000   0.00000
  -1.90000   0.00000
  -1.80000   0.00000
  -1.70000   0.00000
  -1.60000   0.00000
  -1.50000   0.00000
  -1.40000   0.00000
  -1.30000   0.00000
  -1.20000   0.00000
  -1.10000   0.00000
  -1.00000   0.00000
  -0.90000   0.00065
  -0.80000   0.01030
  -0.70000   0.03816
  -0.60000   0.07157
  -0.50000   0.10144
  -0.40000   0.12513
  -0.30000   0.12645
  -0.20000   0.12748
  -0.10000   0.14419
   0.00000   0.14496
   0.10000   0.12485
   0.20000   0.09749
   0.30000   0.06459
   0.40000   0.03692
   0.50000   0.02853
   0.60000   0.02904
   0.70000   0.02698
   0.80000   0.02527
   0.90000   0.02261
   1.00000   0.01930
   1.10000   0.01765
   1.20000   0.01770
   1.30000   0.01630
   1.40000   0.01012
   1.50000   0.00294
   1.60000   0.00006
   1.70000   0.00000
   1.80000   0.00000
   1.90000   0.00000
   2.00000   0.00000
   2.10000   0.00000
   2.20000   0.00000
   2.30000   0.00000
   2.40000   0.00000
   2.50000   0.00000
   2.60000   0.00000
   2.70000   0.00000
   2.80000   0.00000
   2.90000   0.00000
   3.00000   0.00000
