 ethyl-phenyl-carbonate sigma-profile (sigma [e/nm^2], p(sigma)*At [nm^2])
  -3.00000   0.00000
  -2.90000   0.00000
  -2.80000   0.00000
  -2.70000   0.00000
  -2.60000   0.00000
  -2.50000   0.00000
  -2.40000   0.00000
  -2.30000   0.00000
  -2.20000   0.00000
  -2.10000   0.00000
  -2.00000   0.00000
  -1.90000   0.00000
  -1.80000   0.00000
  -1.70000   0.00000
  -1.60000   0.00000
  -1.50000   0.00000
  -1.40000   0.00000
  -1.30000   0.00000
  -1.20000   0.00000
  -1.10000   0.00012
  -1.00000   0.00543
  -0.90000   0.02721
  -0.80000   0.07082
  -0.70000   0.11667
  -0.60000   0.14509
  -0.50000   0.15730
  -0.40000   0.15557
  -0.30000   0.14521
  -0.20000   0.12711
  -0.10000   0.11286
   0.00000   0.12086
   0.10000   0.13137
   0.20000   0.12010
   0.30000   0.11274
   0.40000   0.12078
   0.50000   0.09907
   0.60000   0.05362
   0.70000   0.03314
   0.80000   0.03678
   0.90000   0.04118
   1.00000   0.03712
   1.10000   0.03637
   1.20000   0.03959
   1.30000   0.02948
   1.40000   0.01265
   1.50000   0.00313
   1.60000   0.00032
   1.70000   0.00000
   1.80000   0.00000
   1.90000   0.00000
   2.00000   0.00000
   2.10000   0.00000
   2.20000   0.00000
   2.30000   0.00000
   2.40000   0.00000
   2.50000   0.00000
   2.60000   0.00000
   2.70000   0.00000
   2.80000   0.00000
   2.90000   0.00000
   3.00000   0.00000
