 1,1-dimethylethyl-2-propenylperoxide sigma-profile (sigma [e/nm^2], p(sigma)*At [nm^2])
  -3.00000   0.00000
  -2.90000   0.00000
  -2.80000   0.00000
  -2.70000   0.00000
  -2.60000   0.00000
  -2.50000   0.00000
  -2.40000   0.00000
  -2.30000   0.00000
  -2.20000   0.00000
  -2.10000   0.00000
  -2.00000   0.00000
  -1.90000   0.00000
  -1.80000   0.00000
  -1.70000   0.00000
  -1.60000   0.00000
  -1.50000   0.00000
  -1.40000   0.00000
  -1.30000   0.00000
  -1.20000   0.00000
  -1.10000   0.00000
  -1.00000   0.00000
  -0.90000   0.00390
  -0.80000   0.02187
  -0.70000   0.05836
  -0.60000   0.10747
  -0.50000   0.15260
  -0.40000   0.16866
  -0.30000   0.16526
  -0.20000   0.15677
  -0.10000   0.14397
   0.00000   0.15464
   0.10000   0.17817
   0.20000   0.15808
   0.30000   0.09292
   0.40000   0.04819
   0.50000   0.03940
   0.60000   0.03474
   0.70000   0.03252
   0.80000   0.03060
   0.90000   0.02709
   1.00000   0.02643
   1.10000   0.02458
   1.20000   0.02141
   1.30000   0.02025
   1.40000   0.01845
   1.50000   0.01194
   1.60000   0.00413
   1.70000   0.00049
   1.80000   0.00000
   1.90000   0.00000
   2.00000   0.00000
   2.10000   0.00000
   2.20000   0.00000
   2.30000   0.00000
   2.40000   0.00000
   2.50000   0.00000
   2.60000   0.00000
   2.70000   0.00000
   2.80000   0.00000
   2.90000   0.00000
   3.00000   0.00000
