 1,1,1,3,3-pentafluorobutane sigma-profile (sigma [e/nm^2], p(sigma)*At [nm^2])
  -3.00000   0.00000
  -2.90000   0.00000
  -2.80000   0.00000
  -2.70000   0.00000
  -2.60000   0.00000
  -2.50000   0.00000
  -2.40000   0.00000
  -2.30000   0.00000
  -2.20000   0.00000
  -2.10000   0.00000
  -2.00000   0.00000
  -1.90000   0.00000
  -1.80000   0.00000
  -1.70000   0.00000
  -1.60000   0.00000
  -1.50000   0.00000
  -1.40000   0.00000
  -1.30000   0.00217
  -1.20000   0.01668
  -1.10000   0.03559
  -1.00000   0.03913
  -0.90000   0.04438
  -0.80000   0.06042
  -0.70000   0.06426
  -0.60000   0.05804
  -0.50000   0.04945
  -0.40000   0.04114
  -0.30000   0.04789
  -0.20000   0.06020
  -0.10000   0.05842
   0.00000   0.04733
   0.10000   0.05731
   0.20000   0.10947
   0.30000   0.17919
   0.40000   0.19297
   0.50000   0.15099
   0.60000   0.10888
   0.70000   0.05263
   0.80000   0.00799
   0.90000   0.00000
   1.00000   0.00000
   1.10000   0.00000
   1.20000   0.00000
   1.30000   0.00000
   1.40000   0.00000
   1.50000   0.00000
   1.60000   0.00000
   1.70000   0.00000
   1.80000   0.00000
   1.90000   0.00000
   2.00000   0.00000
   2.10000   0.00000
   2.20000   0.00000
   2.30000   0.00000
   2.40000   0.00000
   2.50000   0.00000
   2.60000   0.00000
   2.70000   0.00000
   2.80000   0.00000
   2.90000   0.00000
   3.00000   0.00000
