 n,n'-di-t-butylethylenediamine sigma-profile (sigma [e/nm^2], p(sigma)*At [nm^2])
  -3.00000   0.00000
  -2.90000   0.00000
  -2.80000   0.00000
  -2.70000   0.00000
  -2.60000   0.00000
  -2.50000   0.00000
  -2.40000   0.00000
  -2.30000   0.00000
  -2.20000   0.00000
  -2.10000   0.00000
  -2.00000   0.00000
  -1.90000   0.00000
  -1.80000   0.00000
  -1.70000   0.00000
  -1.60000   0.00000
  -1.50000   0.00000
  -1.40000   0.00000
  -1.30000   0.00005
  -1.20000   0.00228
  -1.10000   0.00648
  -1.00000   0.00876
  -0.90000   0.00939
  -0.80000   0.01004
  -0.70000   0.01197
  -0.60000   0.03840
  -0.50000   0.12293
  -0.40000   0.23806
  -0.30000   0.28168
  -0.20000   0.26435
  -0.10000   0.24535
   0.00000   0.21201
   0.10000   0.22873
   0.20000   0.28847
   0.30000   0.24753
   0.40000   0.10771
   0.50000   0.02494
   0.60000   0.01576
   0.70000   0.01156
   0.80000   0.00886
   0.90000   0.00862
   1.00000   0.00854
   1.10000   0.00714
   1.20000   0.00622
   1.30000   0.00635
   1.40000   0.00739
   1.50000   0.00722
   1.60000   0.00710
   1.70000   0.00851
   1.80000   0.00691
   1.90000   0.00367
   2.00000   0.00219
   2.10000   0.00203
   2.20000   0.00212
   2.30000   0.00287
   2.40000   0.00399
   2.50000   0.00348
   2.60000   0.00177
   2.70000   0.00042
   2.80000   0.00000
   2.90000   0.00000
   3.00000   0.00000
