 ethyl-tert-butyl-disulfide sigma-profile (sigma [e/nm^2], p(sigma)*At [nm^2])
  -3.00000   0.00000
  -2.90000   0.00000
  -2.80000   0.00000
  -2.70000   0.00000
  -2.60000   0.00000
  -2.50000   0.00000
  -2.40000   0.00000
  -2.30000   0.00000
  -2.20000   0.00000
  -2.10000   0.00000
  -2.00000   0.00000
  -1.90000   0.00000
  -1.80000   0.00000
  -1.70000   0.00000
  -1.60000   0.00000
  -1.50000   0.00000
  -1.40000   0.00000
  -1.30000   0.00000
  -1.20000   0.00000
  -1.10000   0.00000
  -1.00000   0.00000
  -0.90000   0.00094
  -0.80000   0.00818
  -0.70000   0.02875
  -0.60000   0.07653
  -0.50000   0.14101
  -0.40000   0.17161
  -0.30000   0.17226
  -0.20000   0.16839
  -0.10000   0.16147
   0.00000   0.18029
   0.10000   0.20670
   0.20000   0.17376
   0.30000   0.10248
   0.40000   0.06977
   0.50000   0.06341
   0.60000   0.05429
   0.70000   0.04896
   0.80000   0.03833
   0.90000   0.02881
   1.00000   0.02419
   1.10000   0.01415
   1.20000   0.00391
   1.30000   0.00032
   1.40000   0.00000
   1.50000   0.00000
   1.60000   0.00000
   1.70000   0.00000
   1.80000   0.00000
   1.90000   0.00000
   2.00000   0.00000
   2.10000   0.00000
   2.20000   0.00000
   2.30000   0.00000
   2.40000   0.00000
   2.50000   0.00000
   2.60000   0.00000
   2.70000   0.00000
   2.80000   0.00000
   2.90000   0.00000
   3.00000   0.00000
