 methylsilanetrioltriacetate sigma-profile (sigma [e/nm^2], p(sigma)*At [nm^2])
  -3.00000   0.00000
  -2.90000   0.00000
  -2.80000   0.00000
  -2.70000   0.00000
  -2.60000   0.00000
  -2.50000   0.00000
  -2.40000   0.00000
  -2.30000   0.00000
  -2.20000   0.00000
  -2.10000   0.00000
  -2.00000   0.00000
  -1.90000   0.00000
  -1.80000   0.00000
  -1.70000   0.00000
  -1.60000   0.00000
  -1.50000   0.00000
  -1.40000   0.00000
  -1.30000   0.00000
  -1.20000   0.00000
  -1.10000   0.00000
  -1.00000   0.00661
  -0.90000   0.05441
  -0.80000   0.13806
  -0.70000   0.18038
  -0.60000   0.18422
  -0.50000   0.17243
  -0.40000   0.14950
  -0.30000   0.17930
  -0.20000   0.22898
  -0.10000   0.20192
   0.00000   0.12141
   0.10000   0.07878
   0.20000   0.07099
   0.30000   0.05382
   0.40000   0.04077
   0.50000   0.04324
   0.60000   0.05338
   0.70000   0.06791
   0.80000   0.07776
   0.90000   0.06977
   1.00000   0.06709
   1.10000   0.08268
   1.20000   0.07937
   1.30000   0.05181
   1.40000   0.02888
   1.50000   0.01410
   1.60000   0.00355
   1.70000   0.00000
   1.80000   0.00000
   1.90000   0.00000
   2.00000   0.00000
   2.10000   0.00000
   2.20000   0.00000
   2.30000   0.00000
   2.40000   0.00000
   2.50000   0.00000
   2.60000   0.00000
   2.70000   0.00000
   2.80000   0.00000
   2.90000   0.00000
   3.00000   0.00000
