 p-isopropenylphenol sigma-profile (sigma [e/nm^2], p(sigma)*At [nm^2])
  -3.00000   0.00000
  -2.90000   0.00000
  -2.80000   0.00000
  -2.70000   0.00000
  -2.60000   0.00000
  -2.50000   0.00000
  -2.40000   0.00000
  -2.30000   0.00000
  -2.20000   0.00000
  -2.10000   0.00122
  -2.00000   0.00532
  -1.90000   0.01058
  -1.80000   0.01201
  -1.70000   0.00979
  -1.60000   0.00811
  -1.50000   0.00657
  -1.40000   0.00489
  -1.30000   0.00568
  -1.20000   0.00789
  -1.10000   0.00828
  -1.00000   0.00770
  -0.90000   0.01461
  -0.80000   0.03897
  -0.70000   0.06959
  -0.60000   0.09045
  -0.50000   0.10172
  -0.40000   0.09738
  -0.30000   0.08860
  -0.20000   0.08617
  -0.10000   0.08924
   0.00000   0.10714
   0.10000   0.12287
   0.20000   0.12667
   0.30000   0.12782
   0.40000   0.13357
   0.50000   0.13749
   0.60000   0.10789
   0.70000   0.05805
   0.80000   0.03171
   0.90000   0.02172
   1.00000   0.01469
   1.10000   0.01637
   1.20000   0.01865
   1.30000   0.01255
   1.40000   0.00354
   1.50000   0.00000
   1.60000   0.00000
   1.70000   0.00000
   1.80000   0.00000
   1.90000   0.00000
   2.00000   0.00000
   2.10000   0.00000
   2.20000   0.00000
   2.30000   0.00000
   2.40000   0.00000
   2.50000   0.00000
   2.60000   0.00000
   2.70000   0.00000
   2.80000   0.00000
   2.90000   0.00000
   3.00000   0.00000
