 butadione sigma-profile (sigma [e/nm^2], p(sigma)*At [nm^2])
  -3.00000   0.00000
  -2.90000   0.00000
  -2.80000   0.00000
  -2.70000   0.00000
  -2.60000   0.00000
  -2.50000   0.00000
  -2.40000   0.00000
  -2.30000   0.00000
  -2.20000   0.00000
  -2.10000   0.00000
  -2.00000   0.00000
  -1.90000   0.00000
  -1.80000   0.00000
  -1.70000   0.00000
  -1.60000   0.00000
  -1.50000   0.00000
  -1.40000   0.00000
  -1.30000   0.00000
  -1.20000   0.00000
  -1.10000   0.00014
  -1.00000   0.00648
  -0.90000   0.03714
  -0.80000   0.08429
  -0.70000   0.10260
  -0.60000   0.09139
  -0.50000   0.08025
  -0.40000   0.07307
  -0.30000   0.08221
  -0.20000   0.10515
  -0.10000   0.10357
   0.00000   0.06664
   0.10000   0.03026
   0.20000   0.01850
   0.30000   0.01913
   0.40000   0.01852
   0.50000   0.02069
   0.60000   0.02639
   0.70000   0.02858
   0.80000   0.02810
   0.90000   0.03631
   1.00000   0.05166
   1.10000   0.05399
   1.20000   0.04251
   1.30000   0.02949
   1.40000   0.01753
   1.50000   0.00735
   1.60000   0.00148
   1.70000   0.00000
   1.80000   0.00000
   1.90000   0.00000
   2.00000   0.00000
   2.10000   0.00000
   2.20000   0.00000
   2.30000   0.00000
   2.40000   0.00000
   2.50000   0.00000
   2.60000   0.00000
   2.70000   0.00000
   2.80000   0.00000
   2.90000   0.00000
   3.00000   0.00000
