 1,1,1,2,3,3,3-heptafluoropropane sigma-profile (sigma [e/nm^2], p(sigma)*At [nm^2])
  -3.00000   0.00000
  -2.90000   0.00000
  -2.80000   0.00000
  -2.70000   0.00000
  -2.60000   0.00000
  -2.50000   0.00000
  -2.40000   0.00000
  -2.30000   0.00000
  -2.20000   0.00000
  -2.10000   0.00000
  -2.00000   0.00000
  -1.90000   0.00000
  -1.80000   0.00000
  -1.70000   0.00018
  -1.60000   0.00598
  -1.50000   0.01939
  -1.40000   0.02414
  -1.30000   0.01575
  -1.20000   0.01006
  -1.10000   0.00945
  -1.00000   0.00766
  -0.90000   0.00556
  -0.80000   0.00714
  -0.70000   0.01221
  -0.60000   0.01596
  -0.50000   0.01704
  -0.40000   0.02105
  -0.30000   0.03027
  -0.20000   0.04572
  -0.10000   0.07392
   0.00000   0.15266
   0.10000   0.30376
   0.20000   0.35809
   0.30000   0.21193
   0.40000   0.06049
   0.50000   0.00970
   0.60000   0.00020
   0.70000   0.00000
   0.80000   0.00000
   0.90000   0.00000
   1.00000   0.00000
   1.10000   0.00000
   1.20000   0.00000
   1.30000   0.00000
   1.40000   0.00000
   1.50000   0.00000
   1.60000   0.00000
   1.70000   0.00000
   1.80000   0.00000
   1.90000   0.00000
   2.00000   0.00000
   2.10000   0.00000
   2.20000   0.00000
   2.30000   0.00000
   2.40000   0.00000
   2.50000   0.00000
   2.60000   0.00000
   2.70000   0.00000
   2.80000   0.00000
   2.90000   0.00000
   3.00000   0.00000
