 thiaindan sigma-profile (sigma [e/nm^2], p(sigma)*At [nm^2])
  -3.00000   0.00000
  -2.90000   0.00000
  -2.80000   0.00000
  -2.70000   0.00000
  -2.60000   0.00000
  -2.50000   0.00000
  -2.40000   0.00000
  -2.30000   0.00000
  -2.20000   0.00000
  -2.10000   0.00000
  -2.00000   0.00000
  -1.90000   0.00000
  -1.80000   0.00000
  -1.70000   0.00000
  -1.60000   0.00000
  -1.50000   0.00000
  -1.40000   0.00000
  -1.30000   0.00000
  -1.20000   0.00000
  -1.10000   0.00000
  -1.00000   0.00000
  -0.90000   0.00529
  -0.80000   0.03591
  -0.70000   0.08816
  -0.60000   0.11755
  -0.50000   0.11677
  -0.40000   0.11597
  -0.30000   0.11763
  -0.20000   0.11811
  -0.10000   0.11629
   0.00000   0.10088
   0.10000   0.07758
   0.20000   0.07535
   0.30000   0.10288
   0.40000   0.12770
   0.50000   0.13080
   0.60000   0.10213
   0.70000   0.05370
   0.80000   0.02799
   0.90000   0.02282
   1.00000   0.01716
   1.10000   0.00875
   1.20000   0.00190
   1.30000   0.00000
   1.40000   0.00000
   1.50000   0.00000
   1.60000   0.00000
   1.70000   0.00000
   1.80000   0.00000
   1.90000   0.00000
   2.00000   0.00000
   2.10000   0.00000
   2.20000   0.00000
   2.30000   0.00000
   2.40000   0.00000
   2.50000   0.00000
   2.60000   0.00000
   2.70000   0.00000
   2.80000   0.00000
   2.90000   0.00000
   3.00000   0.00000
