 2-methyl-1-octene sigma-profile (sigma [e/nm^2], p(sigma)*At [nm^2])
  -3.00000   0.00000
  -2.90000   0.00000
  -2.80000   0.00000
  -2.70000   0.00000
  -2.60000   0.00000
  -2.50000   0.00000
  -2.40000   0.00000
  -2.30000   0.00000
  -2.20000   0.00000
  -2.10000   0.00000
  -2.00000   0.00000
  -1.90000   0.00000
  -1.80000   0.00000
  -1.70000   0.00000
  -1.60000   0.00000
  -1.50000   0.00000
  -1.40000   0.00000
  -1.30000   0.00000
  -1.20000   0.00000
  -1.10000   0.00000
  -1.00000   0.00000
  -0.90000   0.00000
  -0.80000   0.00000
  -0.70000   0.00345
  -0.60000   0.02547
  -0.50000   0.08436
  -0.40000   0.16705
  -0.30000   0.22455
  -0.20000   0.23699
  -0.10000   0.23463
   0.00000   0.23959
   0.10000   0.24651
   0.20000   0.23187
   0.30000   0.17071
   0.40000   0.08930
   0.50000   0.04146
   0.60000   0.02923
   0.70000   0.02554
   0.80000   0.02230
   0.90000   0.01939
   1.00000   0.01182
   1.10000   0.00318
   1.20000   0.00017
   1.30000   0.00000
   1.40000   0.00000
   1.50000   0.00000
   1.60000   0.00000
   1.70000   0.00000
   1.80000   0.00000
   1.90000   0.00000
   2.00000   0.00000
   2.10000   0.00000
   2.20000   0.00000
   2.30000   0.00000
   2.40000   0.00000
   2.50000   0.00000
   2.60000   0.00000
   2.70000   0.00000
   2.80000   0.00000
   2.90000   0.00000
   3.00000   0.00000
