 cyanogen sigma-profile (sigma [e/nm^2], p(sigma)*At [nm^2])
  -3.00000   0.00000
  -2.90000   0.00000
  -2.80000   0.00000
  -2.70000   0.00000
  -2.60000   0.00000
  -2.50000   0.00000
  -2.40000   0.00000
  -2.30000   0.00000
  -2.20000   0.00000
  -2.10000   0.00000
  -2.00000   0.00000
  -1.90000   0.00000
  -1.80000   0.00000
  -1.70000   0.00000
  -1.60000   0.00000
  -1.50000   0.00000
  -1.40000   0.00000
  -1.30000   0.00000
  -1.20000   0.00000
  -1.10000   0.00000
  -1.00000   0.01666
  -0.90000   0.04427
  -0.80000   0.04849
  -0.70000   0.05028
  -0.60000   0.04930
  -0.50000   0.03189
  -0.40000   0.03576
  -0.30000   0.04694
  -0.20000   0.03995
  -0.10000   0.03201
   0.00000   0.04375
   0.10000   0.05379
   0.20000   0.05203
   0.30000   0.05372
   0.40000   0.05243
   0.50000   0.05104
   0.60000   0.04571
   0.70000   0.04242
   0.80000   0.03930
   0.90000   0.02984
   1.00000   0.01708
   1.10000   0.00427
   1.20000   0.00000
   1.30000   0.00000
   1.40000   0.00000
   1.50000   0.00000
   1.60000   0.00000
   1.70000   0.00000
   1.80000   0.00000
   1.90000   0.00000
   2.00000   0.00000
   2.10000   0.00000
   2.20000   0.00000
   2.30000   0.00000
   2.40000   0.00000
   2.50000   0.00000
   2.60000   0.00000
   2.70000   0.00000
   2.80000   0.00000
   2.90000   0.00000
   3.00000   0.00000
