 1,5-pentanediamine sigma-profile (sigma [e/nm^2], p(sigma)*At [nm^2])
  -3.00000   0.00000
  -2.90000   0.00000
  -2.80000   0.00000
  -2.70000   0.00000
  -2.60000   0.00000
  -2.50000   0.00000
  -2.40000   0.00000
  -2.30000   0.00000
  -2.20000   0.00000
  -2.10000   0.00000
  -2.00000   0.00000
  -1.90000   0.00000
  -1.80000   0.00000
  -1.70000   0.00000
  -1.60000   0.00000
  -1.50000   0.00000
  -1.40000   0.00000
  -1.30000   0.00128
  -1.20000   0.01379
  -1.10000   0.03521
  -1.00000   0.04454
  -0.90000   0.04072
  -0.80000   0.03570
  -0.70000   0.03334
  -0.60000   0.03905
  -0.50000   0.07524
  -0.40000   0.14283
  -0.30000   0.18647
  -0.20000   0.18265
  -0.10000   0.16364
   0.00000   0.13493
   0.10000   0.10453
   0.20000   0.09201
   0.30000   0.07427
   0.40000   0.04181
   0.50000   0.01946
   0.60000   0.01400
   0.70000   0.01304
   0.80000   0.01165
   0.90000   0.01334
   1.00000   0.01386
   1.10000   0.01232
   1.20000   0.01007
   1.30000   0.00818
   1.40000   0.01086
   1.50000   0.01288
   1.60000   0.01184
   1.70000   0.01192
   1.80000   0.01180
   1.90000   0.01095
   2.00000   0.01088
   2.10000   0.01132
   2.20000   0.01165
   2.30000   0.01126
   2.40000   0.00958
   2.50000   0.00498
   2.60000   0.00084
   2.70000   0.00000
   2.80000   0.00000
   2.90000   0.00000
   3.00000   0.00000
