 diethoxymethane sigma-profile (sigma [e/nm^2], p(sigma)*At [nm^2])
  -3.00000   0.00000
  -2.90000   0.00000
  -2.80000   0.00000
  -2.70000   0.00000
  -2.60000   0.00000
  -2.50000   0.00000
  -2.40000   0.00000
  -2.30000   0.00000
  -2.20000   0.00000
  -2.10000   0.00000
  -2.00000   0.00000
  -1.90000   0.00000
  -1.80000   0.00000
  -1.70000   0.00000
  -1.60000   0.00000
  -1.50000   0.00000
  -1.40000   0.00000
  -1.30000   0.00000
  -1.20000   0.00000
  -1.10000   0.00000
  -1.00000   0.00000
  -0.90000   0.00000
  -0.80000   0.00221
  -0.70000   0.02032
  -0.60000   0.07911
  -0.50000   0.15084
  -0.40000   0.17274
  -0.30000   0.16496
  -0.20000   0.16468
  -0.10000   0.16142
   0.00000   0.15383
   0.10000   0.14169
   0.20000   0.10893
   0.30000   0.05784
   0.40000   0.02540
   0.50000   0.01982
   0.60000   0.01869
   0.70000   0.01499
   0.80000   0.01322
   0.90000   0.01459
   1.00000   0.01560
   1.10000   0.01673
   1.20000   0.01688
   1.30000   0.01746
   1.40000   0.02101
   1.50000   0.02430
   1.60000   0.01974
   1.70000   0.00745
   1.80000   0.00038
   1.90000   0.00000
   2.00000   0.00000
   2.10000   0.00000
   2.20000   0.00000
   2.30000   0.00000
   2.40000   0.00000
   2.50000   0.00000
   2.60000   0.00000
   2.70000   0.00000
   2.80000   0.00000
   2.90000   0.00000
   3.00000   0.00000
