 9,12,15-octadecatrienoicacid sigma-profile (sigma [e/nm^2], p(sigma)*At [nm^2])
  -3.00000   0.00000
  -2.90000   0.00000
  -2.80000   0.00000
  -2.70000   0.00000
  -2.60000   0.00000
  -2.50000   0.00000
  -2.40000   0.00000
  -2.30000   0.00000
  -2.20000   0.00000
  -2.10000   0.00051
  -2.00000   0.00488
  -1.90000   0.01090
  -1.80000   0.01207
  -1.70000   0.00987
  -1.60000   0.00721
  -1.50000   0.00557
  -1.40000   0.00586
  -1.30000   0.00698
  -1.20000   0.00610
  -1.10000   0.00336
  -1.00000   0.00329
  -0.90000   0.00716
  -0.80000   0.01925
  -0.70000   0.04512
  -0.60000   0.10387
  -0.50000   0.22644
  -0.40000   0.35397
  -0.30000   0.40592
  -0.20000   0.40552
  -0.10000   0.38528
   0.00000   0.35796
   0.10000   0.33180
   0.20000   0.30216
   0.30000   0.23819
   0.40000   0.14892
   0.50000   0.10729
   0.60000   0.10315
   0.70000   0.09089
   0.80000   0.07025
   0.90000   0.04834
   1.00000   0.03716
   1.10000   0.03779
   1.20000   0.03739
   1.30000   0.03066
   1.40000   0.02330
   1.50000   0.01535
   1.60000   0.00595
   1.70000   0.00081
   1.80000   0.00000
   1.90000   0.00000
   2.00000   0.00000
   2.10000   0.00000
   2.20000   0.00000
   2.30000   0.00000
   2.40000   0.00000
   2.50000   0.00000
   2.60000   0.00000
   2.70000   0.00000
   2.80000   0.00000
   2.90000   0.00000
   3.00000   0.00000
