 propadiene sigma-profile (sigma [e/nm^2], p(sigma)*At [nm^2])
  -3.00000   0.00000
  -2.90000   0.00000
  -2.80000   0.00000
  -2.70000   0.00000
  -2.60000   0.00000
  -2.50000   0.00000
  -2.40000   0.00000
  -2.30000   0.00000
  -2.20000   0.00000
  -2.10000   0.00000
  -2.00000   0.00000
  -1.90000   0.00000
  -1.80000   0.00000
  -1.70000   0.00000
  -1.60000   0.00000
  -1.50000   0.00000
  -1.40000   0.00000
  -1.30000   0.00000
  -1.20000   0.00000
  -1.10000   0.00000
  -1.00000   0.00406
  -0.90000   0.02228
  -0.80000   0.04722
  -0.70000   0.05154
  -0.60000   0.04403
  -0.50000   0.04263
  -0.40000   0.03788
  -0.30000   0.03774
  -0.20000   0.04955
  -0.10000   0.05750
   0.00000   0.05421
   0.10000   0.05214
   0.20000   0.05422
   0.30000   0.06383
   0.40000   0.07777
   0.50000   0.07301
   0.60000   0.05788
   0.70000   0.04295
   0.80000   0.02079
   0.90000   0.00399
   1.00000   0.00000
   1.10000   0.00000
   1.20000   0.00000
   1.30000   0.00000
   1.40000   0.00000
   1.50000   0.00000
   1.60000   0.00000
   1.70000   0.00000
   1.80000   0.00000
   1.90000   0.00000
   2.00000   0.00000
   2.10000   0.00000
   2.20000   0.00000
   2.30000   0.00000
   2.40000   0.00000
   2.50000   0.00000
   2.60000   0.00000
   2.70000   0.00000
   2.80000   0.00000
   2.90000   0.00000
   3.00000   0.00000
