 di-n-octyl-terephthalate sigma-profile (sigma [e/nm^2], p(sigma)*At [nm^2])
  -3.00000   0.00000
  -2.90000   0.00000
  -2.80000   0.00000
  -2.70000   0.00000
  -2.60000   0.00000
  -2.50000   0.00000
  -2.40000   0.00000
  -2.30000   0.00000
  -2.20000   0.00000
  -2.10000   0.00000
  -2.00000   0.00000
  -1.90000   0.00000
  -1.80000   0.00000
  -1.70000   0.00000
  -1.60000   0.00000
  -1.50000   0.00000
  -1.40000   0.00000
  -1.30000   0.00000
  -1.20000   0.00000
  -1.10000   0.00000
  -1.00000   0.00304
  -0.90000   0.01774
  -0.80000   0.04893
  -0.70000   0.08445
  -0.60000   0.11413
  -0.50000   0.20380
  -0.40000   0.39394
  -0.30000   0.54579
  -0.20000   0.57512
  -0.10000   0.55590
   0.00000   0.53976
   0.10000   0.53806
   0.20000   0.49779
   0.30000   0.35273
   0.40000   0.17089
   0.50000   0.06866
   0.60000   0.04565
   0.70000   0.04090
   0.80000   0.03032
   0.90000   0.02293
   1.00000   0.02662
   1.10000   0.04382
   1.20000   0.06722
   1.30000   0.06527
   1.40000   0.03788
   1.50000   0.01337
   1.60000   0.00212
   1.70000   0.00000
   1.80000   0.00000
   1.90000   0.00000
   2.00000   0.00000
   2.10000   0.00000
   2.20000   0.00000
   2.30000   0.00000
   2.40000   0.00000
   2.50000   0.00000
   2.60000   0.00000
   2.70000   0.00000
   2.80000   0.00000
   2.90000   0.00000
   3.00000   0.00000
