 phthalan sigma-profile (sigma [e/nm^2], p(sigma)*At [nm^2])
  -3.00000   0.00000
  -2.90000   0.00000
  -2.80000   0.00000
  -2.70000   0.00000
  -2.60000   0.00000
  -2.50000   0.00000
  -2.40000   0.00000
  -2.30000   0.00000
  -2.20000   0.00000
  -2.10000   0.00000
  -2.00000   0.00000
  -1.90000   0.00000
  -1.80000   0.00000
  -1.70000   0.00000
  -1.60000   0.00000
  -1.50000   0.00000
  -1.40000   0.00000
  -1.30000   0.00000
  -1.20000   0.00000
  -1.10000   0.00000
  -1.00000   0.00000
  -0.90000   0.00358
  -0.80000   0.02965
  -0.70000   0.08188
  -0.60000   0.11927
  -0.50000   0.12768
  -0.40000   0.12859
  -0.30000   0.12527
  -0.20000   0.11378
  -0.10000   0.09600
   0.00000   0.08340
   0.10000   0.07754
   0.20000   0.08075
   0.30000   0.09240
   0.40000   0.09976
   0.50000   0.10008
   0.60000   0.07292
   0.70000   0.02777
   0.80000   0.00819
   0.90000   0.00920
   1.00000   0.01033
   1.10000   0.00959
   1.20000   0.00910
   1.30000   0.01062
   1.40000   0.01420
   1.50000   0.01749
   1.60000   0.01348
   1.70000   0.00456
   1.80000   0.00023
   1.90000   0.00000
   2.00000   0.00000
   2.10000   0.00000
   2.20000   0.00000
   2.30000   0.00000
   2.40000   0.00000
   2.50000   0.00000
   2.60000   0.00000
   2.70000   0.00000
   2.80000   0.00000
   2.90000   0.00000
   3.00000   0.00000
