 1-(4-hydroxy-3-methoxyphenyl)-ethanone sigma-profile (sigma [e/nm^2], p(sigma)*At [nm^2])
  -3.00000   0.00000
  -2.90000   0.00000
  -2.80000   0.00000
  -2.70000   0.00000
  -2.60000   0.00000
  -2.50000   0.00000
  -2.40000   0.00000
  -2.30000   0.00000
  -2.20000   0.00000
  -2.10000   0.00000
  -2.00000   0.00048
  -1.90000   0.00218
  -1.80000   0.00570
  -1.70000   0.00764
  -1.60000   0.00557
  -1.50000   0.00390
  -1.40000   0.00427
  -1.30000   0.00521
  -1.20000   0.00625
  -1.10000   0.00633
  -1.00000   0.00688
  -0.90000   0.02403
  -0.80000   0.07142
  -0.70000   0.11772
  -0.60000   0.12863
  -0.50000   0.11654
  -0.40000   0.11494
  -0.30000   0.12573
  -0.20000   0.12948
  -0.10000   0.13563
   0.00000   0.13470
   0.10000   0.11634
   0.20000   0.10954
   0.30000   0.12078
   0.40000   0.11254
   0.50000   0.06970
   0.60000   0.03341
   0.70000   0.02500
   0.80000   0.02546
   0.90000   0.02547
   1.00000   0.03147
   1.10000   0.03600
   1.20000   0.03211
   1.30000   0.03063
   1.40000   0.02964
   1.50000   0.02164
   1.60000   0.01259
   1.70000   0.00765
   1.80000   0.00425
   1.90000   0.00121
   2.00000   0.00003
   2.10000   0.00000
   2.20000   0.00000
   2.30000   0.00000
   2.40000   0.00000
   2.50000   0.00000
   2.60000   0.00000
   2.70000   0.00000
   2.80000   0.00000
   2.90000   0.00000
   3.00000   0.00000
