 1,1'-(1,2-ethynediyl)bisbenzene sigma-profile (sigma [e/nm^2], p(sigma)*At [nm^2])
  -3.00000   0.00000
  -2.90000   0.00000
  -2.80000   0.00000
  -2.70000   0.00000
  -2.60000   0.00000
  -2.50000   0.00000
  -2.40000   0.00000
  -2.30000   0.00000
  -2.20000   0.00000
  -2.10000   0.00000
  -2.00000   0.00000
  -1.90000   0.00000
  -1.80000   0.00000
  -1.70000   0.00000
  -1.60000   0.00000
  -1.50000   0.00000
  -1.40000   0.00000
  -1.30000   0.00000
  -1.20000   0.00000
  -1.10000   0.00000
  -1.00000   0.00021
  -0.90000   0.02311
  -0.80000   0.08879
  -0.70000   0.13880
  -0.60000   0.13275
  -0.50000   0.12701
  -0.40000   0.12764
  -0.30000   0.11328
  -0.20000   0.11476
  -0.10000   0.12396
   0.00000   0.11434
   0.10000   0.13292
   0.20000   0.21539
   0.30000   0.28754
   0.40000   0.29074
   0.50000   0.21421
   0.60000   0.09835
   0.70000   0.03026
   0.80000   0.00814
   0.90000   0.00000
   1.00000   0.00000
   1.10000   0.00000
   1.20000   0.00000
   1.30000   0.00000
   1.40000   0.00000
   1.50000   0.00000
   1.60000   0.00000
   1.70000   0.00000
   1.80000   0.00000
   1.90000   0.00000
   2.00000   0.00000
   2.10000   0.00000
   2.20000   0.00000
   2.30000   0.00000
   2.40000   0.00000
   2.50000   0.00000
   2.60000   0.00000
   2.70000   0.00000
   2.80000   0.00000
   2.90000   0.00000
   3.00000   0.00000
