 2-butyne sigma-profile (sigma [e/nm^2], p(sigma)*At [nm^2])
  -3.00000   0.00000
  -2.90000   0.00000
  -2.80000   0.00000
  -2.70000   0.00000
  -2.60000   0.00000
  -2.50000   0.00000
  -2.40000   0.00000
  -2.30000   0.00000
  -2.20000   0.00000
  -2.10000   0.00000
  -2.00000   0.00000
  -1.90000   0.00000
  -1.80000   0.00000
  -1.70000   0.00000
  -1.60000   0.00000
  -1.50000   0.00000
  -1.40000   0.00000
  -1.30000   0.00000
  -1.20000   0.00000
  -1.10000   0.00000
  -1.00000   0.00000
  -0.90000   0.00002
  -0.80000   0.01564
  -0.70000   0.06038
  -0.60000   0.08571
  -0.50000   0.08206
  -0.40000   0.07798
  -0.30000   0.06608
  -0.20000   0.08424
  -0.10000   0.11981
   0.00000   0.10866
   0.10000   0.06244
   0.20000   0.03910
   0.30000   0.04660
   0.40000   0.03805
   0.50000   0.01460
   0.60000   0.02640
   0.70000   0.05087
   0.80000   0.04620
   0.90000   0.04394
   1.00000   0.03614
   1.10000   0.01131
   1.20000   0.00000
   1.30000   0.00000
   1.40000   0.00000
   1.50000   0.00000
   1.60000   0.00000
   1.70000   0.00000
   1.80000   0.00000
   1.90000   0.00000
   2.00000   0.00000
   2.10000   0.00000
   2.20000   0.00000
   2.30000   0.00000
   2.40000   0.00000
   2.50000   0.00000
   2.60000   0.00000
   2.70000   0.00000
   2.80000   0.00000
   2.90000   0.00000
   3.00000   0.00000
