 1,3-propanediol sigma-profile (sigma [e/nm^2], p(sigma)*At [nm^2])
  -3.00000   0.00000
  -2.90000   0.00000
  -2.80000   0.00000
  -2.70000   0.00000
  -2.60000   0.00000
  -2.50000   0.00000
  -2.40000   0.00000
  -2.30000   0.00000
  -2.20000   0.00000
  -2.10000   0.00000
  -2.00000   0.00000
  -1.90000   0.00159
  -1.80000   0.00641
  -1.70000   0.01184
  -1.60000   0.01204
  -1.50000   0.00812
  -1.40000   0.00730
  -1.30000   0.00740
  -1.20000   0.00584
  -1.10000   0.00609
  -1.00000   0.00830
  -0.90000   0.01059
  -0.80000   0.01083
  -0.70000   0.02703
  -0.60000   0.07158
  -0.50000   0.10655
  -0.40000   0.11237
  -0.30000   0.10948
  -0.20000   0.09921
  -0.10000   0.08301
   0.00000   0.06753
   0.10000   0.04772
   0.20000   0.02908
   0.30000   0.02041
   0.40000   0.01761
   0.50000   0.01659
   0.60000   0.01617
   0.70000   0.01422
   0.80000   0.01307
   0.90000   0.01563
   1.00000   0.01738
   1.10000   0.01584
   1.20000   0.01784
   1.30000   0.02264
   1.40000   0.02347
   1.50000   0.02246
   1.60000   0.02304
   1.70000   0.02217
   1.80000   0.01602
   1.90000   0.00688
   2.00000   0.00119
   2.10000   0.00000
   2.20000   0.00000
   2.30000   0.00000
   2.40000   0.00000
   2.50000   0.00000
   2.60000   0.00000
   2.70000   0.00000
   2.80000   0.00000
   2.90000   0.00000
   3.00000   0.00000
