 1,3-dioxane sigma-profile (sigma [e/nm^2], p(sigma)*At [nm^2])
  -3.00000   0.00000
  -2.90000   0.00000
  -2.80000   0.00000
  -2.70000   0.00000
  -2.60000   0.00000
  -2.50000   0.00000
  -2.40000   0.00000
  -2.30000   0.00000
  -2.20000   0.00000
  -2.10000   0.00000
  -2.00000   0.00000
  -1.90000   0.00000
  -1.80000   0.00000
  -1.70000   0.00000
  -1.60000   0.00000
  -1.50000   0.00000
  -1.40000   0.00000
  -1.30000   0.00000
  -1.20000   0.00000
  -1.10000   0.00000
  -1.00000   0.00000
  -0.90000   0.00227
  -0.80000   0.01477
  -0.70000   0.04676
  -0.60000   0.09797
  -0.50000   0.13904
  -0.40000   0.14498
  -0.30000   0.13247
  -0.20000   0.11540
  -0.10000   0.09267
   0.00000   0.06607
   0.10000   0.04197
   0.20000   0.02689
   0.30000   0.01980
   0.40000   0.01807
   0.50000   0.01760
   0.60000   0.01521
   0.70000   0.01369
   0.80000   0.01443
   0.90000   0.01512
   1.00000   0.01860
   1.10000   0.02303
   1.20000   0.02302
   1.30000   0.02689
   1.40000   0.03468
   1.50000   0.03056
   1.60000   0.01476
   1.70000   0.00297
   1.80000   0.00000
   1.90000   0.00000
   2.00000   0.00000
   2.10000   0.00000
   2.20000   0.00000
   2.30000   0.00000
   2.40000   0.00000
   2.50000   0.00000
   2.60000   0.00000
   2.70000   0.00000
   2.80000   0.00000
   2.90000   0.00000
   3.00000   0.00000
