 heptadecanoicacid sigma-profile (sigma [e/nm^2], p(sigma)*At [nm^2])
  -3.00000   0.00000
  -2.90000   0.00000
  -2.80000   0.00000
  -2.70000   0.00000
  -2.60000   0.00000
  -2.50000   0.00000
  -2.40000   0.00000
  -2.30000   0.00000
  -2.20000   0.00000
  -2.10000   0.00055
  -2.00000   0.00492
  -1.90000   0.01073
  -1.80000   0.01195
  -1.70000   0.01102
  -1.60000   0.00863
  -1.50000   0.00467
  -1.40000   0.00379
  -1.30000   0.00619
  -1.20000   0.00686
  -1.10000   0.00443
  -1.00000   0.00342
  -0.90000   0.00666
  -0.80000   0.01948
  -0.70000   0.03622
  -0.60000   0.04231
  -0.50000   0.07906
  -0.40000   0.22979
  -0.30000   0.40920
  -0.20000   0.48062
  -0.10000   0.49011
   0.00000   0.48292
   0.10000   0.43024
   0.20000   0.34625
   0.30000   0.28183
   0.40000   0.18902
   0.50000   0.06769
   0.60000   0.01937
   0.70000   0.02286
   0.80000   0.02193
   0.90000   0.02208
   1.00000   0.03021
   1.10000   0.03830
   1.20000   0.03767
   1.30000   0.02981
   1.40000   0.02291
   1.50000   0.01571
   1.60000   0.00600
   1.70000   0.00066
   1.80000   0.00000
   1.90000   0.00000
   2.00000   0.00000
   2.10000   0.00000
   2.20000   0.00000
   2.30000   0.00000
   2.40000   0.00000
   2.50000   0.00000
   2.60000   0.00000
   2.70000   0.00000
   2.80000   0.00000
   2.90000   0.00000
   3.00000   0.00000
