 2-chloro-2-methylpropane sigma-profile (sigma [e/nm^2], p(sigma)*At [nm^2])
  -3.00000   0.00000
  -2.90000   0.00000
  -2.80000   0.00000
  -2.70000   0.00000
  -2.60000   0.00000
  -2.50000   0.00000
  -2.40000   0.00000
  -2.30000   0.00000
  -2.20000   0.00000
  -2.10000   0.00000
  -2.00000   0.00000
  -1.90000   0.00000
  -1.80000   0.00000
  -1.70000   0.00000
  -1.60000   0.00000
  -1.50000   0.00000
  -1.40000   0.00000
  -1.30000   0.00000
  -1.20000   0.00000
  -1.10000   0.00000
  -1.00000   0.00000
  -0.90000   0.00000
  -0.80000   0.00274
  -0.70000   0.03298
  -0.60000   0.09407
  -0.50000   0.12422
  -0.40000   0.11517
  -0.30000   0.10015
  -0.20000   0.08748
  -0.10000   0.10425
   0.00000   0.14026
   0.10000   0.13012
   0.20000   0.06958
   0.30000   0.03329
   0.40000   0.03522
   0.50000   0.03822
   0.60000   0.03338
   0.70000   0.04651
   0.80000   0.07161
   0.90000   0.05646
   1.00000   0.01687
   1.10000   0.00017
   1.20000   0.00000
   1.30000   0.00000
   1.40000   0.00000
   1.50000   0.00000
   1.60000   0.00000
   1.70000   0.00000
   1.80000   0.00000
   1.90000   0.00000
   2.00000   0.00000
   2.10000   0.00000
   2.20000   0.00000
   2.30000   0.00000
   2.40000   0.00000
   2.50000   0.00000
   2.60000   0.00000
   2.70000   0.00000
   2.80000   0.00000
   2.90000   0.00000
   3.00000   0.00000
