 2,4-dinitro-phenol sigma-profile (sigma [e/nm^2], p(sigma)*At [nm^2])
  -3.00000   0.00000
  -2.90000   0.00000
  -2.80000   0.00000
  -2.70000   0.00000
  -2.60000   0.00000
  -2.50000   0.00000
  -2.40000   0.00000
  -2.30000   0.00000
  -2.20000   0.00000
  -2.10000   0.00000
  -2.00000   0.00000
  -1.90000   0.00000
  -1.80000   0.00026
  -1.70000   0.00142
  -1.60000   0.00275
  -1.50000   0.00398
  -1.40000   0.00511
  -1.30000   0.00556
  -1.20000   0.01410
  -1.10000   0.03696
  -1.00000   0.05808
  -0.90000   0.06762
  -0.80000   0.07012
  -0.70000   0.06971
  -0.60000   0.07774
  -0.50000   0.09796
  -0.40000   0.12309
  -0.30000   0.13149
  -0.20000   0.10679
  -0.10000   0.07593
   0.00000   0.05957
   0.10000   0.04857
   0.20000   0.04701
   0.30000   0.05270
   0.40000   0.05739
   0.50000   0.08226
   0.60000   0.11871
   0.70000   0.12273
   0.80000   0.09702
   0.90000   0.06819
   1.00000   0.04804
   1.10000   0.03574
   1.20000   0.02258
   1.30000   0.01041
   1.40000   0.00288
   1.50000   0.00000
   1.60000   0.00000
   1.70000   0.00000
   1.80000   0.00000
   1.90000   0.00000
   2.00000   0.00000
   2.10000   0.00000
   2.20000   0.00000
   2.30000   0.00000
   2.40000   0.00000
   2.50000   0.00000
   2.60000   0.00000
   2.70000   0.00000
   2.80000   0.00000
   2.90000   0.00000
   3.00000   0.00000
