 acetylmethylcarbinol sigma-profile (sigma [e/nm^2], p(sigma)*At [nm^2])
  -3.00000   0.00000
  -2.90000   0.00000
  -2.80000   0.00000
  -2.70000   0.00000
  -2.60000   0.00000
  -2.50000   0.00000
  -2.40000   0.00000
  -2.30000   0.00000
  -2.20000   0.00000
  -2.10000   0.00000
  -2.00000   0.00000
  -1.90000   0.00000
  -1.80000   0.00000
  -1.70000   0.00000
  -1.60000   0.00000
  -1.50000   0.00008
  -1.40000   0.00173
  -1.30000   0.00369
  -1.20000   0.00386
  -1.10000   0.00419
  -1.00000   0.00832
  -0.90000   0.02376
  -0.80000   0.05521
  -0.70000   0.09144
  -0.60000   0.11080
  -0.50000   0.10509
  -0.40000   0.09311
  -0.30000   0.09084
  -0.20000   0.09109
  -0.10000   0.08624
   0.00000   0.07597
   0.10000   0.05811
   0.20000   0.03560
   0.30000   0.02179
   0.40000   0.01915
   0.50000   0.01816
   0.60000   0.01730
   0.70000   0.01984
   0.80000   0.02405
   0.90000   0.02755
   1.00000   0.03265
   1.10000   0.03487
   1.20000   0.02943
   1.30000   0.02438
   1.40000   0.02335
   1.50000   0.02426
   1.60000   0.02082
   1.70000   0.00987
   1.80000   0.00172
   1.90000   0.00000
   2.00000   0.00000
   2.10000   0.00000
   2.20000   0.00000
   2.30000   0.00000
   2.40000   0.00000
   2.50000   0.00000
   2.60000   0.00000
   2.70000   0.00000
   2.80000   0.00000
   2.90000   0.00000
   3.00000   0.00000
