 2-methyl-2-butene sigma-profile (sigma [e/nm^2], p(sigma)*At [nm^2])
  -3.00000   0.00000
  -2.90000   0.00000
  -2.80000   0.00000
  -2.70000   0.00000
  -2.60000   0.00000
  -2.50000   0.00000
  -2.40000   0.00000
  -2.30000   0.00000
  -2.20000   0.00000
  -2.10000   0.00000
  -2.00000   0.00000
  -1.90000   0.00000
  -1.80000   0.00000
  -1.70000   0.00000
  -1.60000   0.00000
  -1.50000   0.00000
  -1.40000   0.00000
  -1.30000   0.00000
  -1.20000   0.00000
  -1.10000   0.00000
  -1.00000   0.00000
  -0.90000   0.00000
  -0.80000   0.00093
  -0.70000   0.00522
  -0.60000   0.03014
  -0.50000   0.08511
  -0.40000   0.12106
  -0.30000   0.12162
  -0.20000   0.11796
  -0.10000   0.10550
   0.00000   0.11592
   0.10000   0.16493
   0.20000   0.17013
   0.30000   0.10640
   0.40000   0.04831
   0.50000   0.02884
   0.60000   0.02592
   0.70000   0.02249
   0.80000   0.01928
   0.90000   0.01507
   1.00000   0.00652
   1.10000   0.00099
   1.20000   0.00000
   1.30000   0.00000
   1.40000   0.00000
   1.50000   0.00000
   1.60000   0.00000
   1.70000   0.00000
   1.80000   0.00000
   1.90000   0.00000
   2.00000   0.00000
   2.10000   0.00000
   2.20000   0.00000
   2.30000   0.00000
   2.40000   0.00000
   2.50000   0.00000
   2.60000   0.00000
   2.70000   0.00000
   2.80000   0.00000
   2.90000   0.00000
   3.00000   0.00000
