 2-methyl-1-propanethiol sigma-profile (sigma [e/nm^2], p(sigma)*At [nm^2])
  -3.00000   0.00000
  -2.90000   0.00000
  -2.80000   0.00000
  -2.70000   0.00000
  -2.60000   0.00000
  -2.50000   0.00000
  -2.40000   0.00000
  -2.30000   0.00000
  -2.20000   0.00000
  -2.10000   0.00000
  -2.00000   0.00000
  -1.90000   0.00000
  -1.80000   0.00000
  -1.70000   0.00000
  -1.60000   0.00000
  -1.50000   0.00000
  -1.40000   0.00000
  -1.30000   0.00000
  -1.20000   0.00062
  -1.10000   0.00427
  -1.00000   0.00940
  -0.90000   0.01111
  -0.80000   0.01542
  -0.70000   0.02841
  -0.60000   0.04628
  -0.50000   0.07982
  -0.40000   0.12223
  -0.30000   0.13278
  -0.20000   0.12712
  -0.10000   0.12424
   0.00000   0.11150
   0.10000   0.11780
   0.20000   0.12786
   0.30000   0.09383
   0.40000   0.04641
   0.50000   0.03133
   0.60000   0.03094
   0.70000   0.02562
   0.80000   0.02265
   0.90000   0.02363
   1.00000   0.02171
   1.10000   0.01842
   1.20000   0.01649
   1.30000   0.00899
   1.40000   0.00160
   1.50000   0.00000
   1.60000   0.00000
   1.70000   0.00000
   1.80000   0.00000
   1.90000   0.00000
   2.00000   0.00000
   2.10000   0.00000
   2.20000   0.00000
   2.30000   0.00000
   2.40000   0.00000
   2.50000   0.00000
   2.60000   0.00000
   2.70000   0.00000
   2.80000   0.00000
   2.90000   0.00000
   3.00000   0.00000
