 1-butoxy-2-propanol sigma-profile (sigma [e/nm^2], p(sigma)*At [nm^2])
  -3.00000   0.00000
  -2.90000   0.00000
  -2.80000   0.00000
  -2.70000   0.00000
  -2.60000   0.00000
  -2.50000   0.00000
  -2.40000   0.00000
  -2.30000   0.00000
  -2.20000   0.00000
  -2.10000   0.00000
  -2.00000   0.00000
  -1.90000   0.00000
  -1.80000   0.00000
  -1.70000   0.00000
  -1.60000   0.00099
  -1.50000   0.00347
  -1.40000   0.00486
  -1.30000   0.00538
  -1.20000   0.00613
  -1.10000   0.00531
  -1.00000   0.00382
  -0.90000   0.00357
  -0.80000   0.00406
  -0.70000   0.01021
  -0.60000   0.04794
  -0.50000   0.13706
  -0.40000   0.22171
  -0.30000   0.23364
  -0.20000   0.21558
  -0.10000   0.21094
   0.00000   0.19051
   0.10000   0.16378
   0.20000   0.14239
   0.30000   0.09993
   0.40000   0.04933
   0.50000   0.02292
   0.60000   0.01815
   0.70000   0.01681
   0.80000   0.01298
   0.90000   0.01193
   1.00000   0.01523
   1.10000   0.01907
   1.20000   0.01928
   1.30000   0.01702
   1.40000   0.01612
   1.50000   0.01938
   1.60000   0.02366
   1.70000   0.01885
   1.80000   0.00840
   1.90000   0.00188
   2.00000   0.00000
   2.10000   0.00000
   2.20000   0.00000
   2.30000   0.00000
   2.40000   0.00000
   2.50000   0.00000
   2.60000   0.00000
   2.70000   0.00000
   2.80000   0.00000
   2.90000   0.00000
   3.00000   0.00000
