 2-butyl-1-nonanol sigma-profile (sigma [e/nm^2], p(sigma)*At [nm^2])
  -3.00000   0.00000
  -2.90000   0.00000
  -2.80000   0.00000
  -2.70000   0.00000
  -2.60000   0.00000
  -2.50000   0.00000
  -2.40000   0.00000
  -2.30000   0.00000
  -2.20000   0.00000
  -2.10000   0.00000
  -2.00000   0.00000
  -1.90000   0.00000
  -1.80000   0.00173
  -1.70000   0.00697
  -1.60000   0.01151
  -1.50000   0.01093
  -1.40000   0.00845
  -1.30000   0.00781
  -1.20000   0.00740
  -1.10000   0.00580
  -1.00000   0.00546
  -0.90000   0.00580
  -0.80000   0.00505
  -0.70000   0.00492
  -0.60000   0.01047
  -0.50000   0.06169
  -0.40000   0.19657
  -0.30000   0.32223
  -0.20000   0.36284
  -0.10000   0.37493
   0.00000   0.37020
   0.10000   0.34439
   0.20000   0.32110
   0.30000   0.26254
   0.40000   0.14120
   0.50000   0.04059
   0.60000   0.01290
   0.70000   0.01054
   0.80000   0.00650
   0.90000   0.00366
   1.00000   0.00489
   1.10000   0.01101
   1.20000   0.01641
   1.30000   0.01367
   1.40000   0.00841
   1.50000   0.01137
   1.60000   0.01670
   1.70000   0.01425
   1.80000   0.00686
   1.90000   0.00163
   2.00000   0.00008
   2.10000   0.00000
   2.20000   0.00000
   2.30000   0.00000
   2.40000   0.00000
   2.50000   0.00000
   2.60000   0.00000
   2.70000   0.00000
   2.80000   0.00000
   2.90000   0.00000
   3.00000   0.00000
