 1,1-dimethoxyethane sigma-profile (sigma [e/nm^2], p(sigma)*At [nm^2])
  -3.00000   0.00000
  -2.90000   0.00000
  -2.80000   0.00000
  -2.70000   0.00000
  -2.60000   0.00000
  -2.50000   0.00000
  -2.40000   0.00000
  -2.30000   0.00000
  -2.20000   0.00000
  -2.10000   0.00000
  -2.00000   0.00000
  -1.90000   0.00000
  -1.80000   0.00000
  -1.70000   0.00000
  -1.60000   0.00000
  -1.50000   0.00000
  -1.40000   0.00000
  -1.30000   0.00000
  -1.20000   0.00000
  -1.10000   0.00000
  -1.00000   0.00000
  -0.90000   0.00000
  -0.80000   0.00376
  -0.70000   0.03338
  -0.60000   0.09871
  -0.50000   0.14673
  -0.40000   0.14313
  -0.30000   0.12800
  -0.20000   0.13522
  -0.10000   0.14380
   0.00000   0.12709
   0.10000   0.09603
   0.20000   0.06095
   0.30000   0.03277
   0.40000   0.02180
   0.50000   0.01864
   0.60000   0.01635
   0.70000   0.01529
   0.80000   0.01296
   0.90000   0.01136
   1.00000   0.01633
   1.10000   0.02072
   1.20000   0.01759
   1.30000   0.01790
   1.40000   0.02633
   1.50000   0.02843
   1.60000   0.01857
   1.70000   0.00654
   1.80000   0.00079
   1.90000   0.00000
   2.00000   0.00000
   2.10000   0.00000
   2.20000   0.00000
   2.30000   0.00000
   2.40000   0.00000
   2.50000   0.00000
   2.60000   0.00000
   2.70000   0.00000
   2.80000   0.00000
   2.90000   0.00000
   3.00000   0.00000
