 ethyllevulinate sigma-profile (sigma [e/nm^2], p(sigma)*At [nm^2])
  -3.00000   0.00000
  -2.90000   0.00000
  -2.80000   0.00000
  -2.70000   0.00000
  -2.60000   0.00000
  -2.50000   0.00000
  -2.40000   0.00000
  -2.30000   0.00000
  -2.20000   0.00000
  -2.10000   0.00000
  -2.00000   0.00000
  -1.90000   0.00000
  -1.80000   0.00000
  -1.70000   0.00000
  -1.60000   0.00000
  -1.50000   0.00000
  -1.40000   0.00000
  -1.30000   0.00000
  -1.20000   0.00000
  -1.10000   0.00000
  -1.00000   0.00039
  -0.90000   0.01730
  -0.80000   0.06722
  -0.70000   0.12807
  -0.60000   0.16523
  -0.50000   0.17358
  -0.40000   0.17041
  -0.30000   0.16750
  -0.20000   0.15836
  -0.10000   0.14152
   0.00000   0.12321
   0.10000   0.09457
   0.20000   0.05704
   0.30000   0.02990
   0.40000   0.02294
   0.50000   0.02840
   0.60000   0.03054
   0.70000   0.02886
   0.80000   0.03242
   0.90000   0.03620
   1.00000   0.03800
   1.10000   0.04461
   1.20000   0.05604
   1.30000   0.05993
   1.40000   0.04484
   1.50000   0.02397
   1.60000   0.01131
   1.70000   0.00465
   1.80000   0.00122
   1.90000   0.00009
   2.00000   0.00000
   2.10000   0.00000
   2.20000   0.00000
   2.30000   0.00000
   2.40000   0.00000
   2.50000   0.00000
   2.60000   0.00000
   2.70000   0.00000
   2.80000   0.00000
   2.90000   0.00000
   3.00000   0.00000
