 1,2-ethanedithiol sigma-profile (sigma [e/nm^2], p(sigma)*At [nm^2])
  -3.00000   0.00000
  -2.90000   0.00000
  -2.80000   0.00000
  -2.70000   0.00000
  -2.60000   0.00000
  -2.50000   0.00000
  -2.40000   0.00000
  -2.30000   0.00000
  -2.20000   0.00000
  -2.10000   0.00000
  -2.00000   0.00000
  -1.90000   0.00000
  -1.80000   0.00000
  -1.70000   0.00000
  -1.60000   0.00000
  -1.50000   0.00000
  -1.40000   0.00000
  -1.30000   0.00000
  -1.20000   0.00340
  -1.10000   0.01570
  -1.00000   0.02925
  -0.90000   0.04022
  -0.80000   0.06162
  -0.70000   0.08380
  -0.60000   0.08733
  -0.50000   0.07591
  -0.40000   0.06164
  -0.30000   0.05905
  -0.20000   0.06605
  -0.10000   0.06343
   0.00000   0.05717
   0.10000   0.06043
   0.20000   0.06183
   0.30000   0.05927
   0.40000   0.05912
   0.50000   0.05969
   0.60000   0.05948
   0.70000   0.05105
   0.80000   0.04332
   0.90000   0.04458
   1.00000   0.04156
   1.10000   0.03341
   1.20000   0.02081
   1.30000   0.00605
   1.40000   0.00000
   1.50000   0.00000
   1.60000   0.00000
   1.70000   0.00000
   1.80000   0.00000
   1.90000   0.00000
   2.00000   0.00000
   2.10000   0.00000
   2.20000   0.00000
   2.30000   0.00000
   2.40000   0.00000
   2.50000   0.00000
   2.60000   0.00000
   2.70000   0.00000
   2.80000   0.00000
   2.90000   0.00000
   3.00000   0.00000
