 tert-butylacetate sigma-profile (sigma [e/nm^2], p(sigma)*At [nm^2])
  -3.00000   0.00000
  -2.90000   0.00000
  -2.80000   0.00000
  -2.70000   0.00000
  -2.60000   0.00000
  -2.50000   0.00000
  -2.40000   0.00000
  -2.30000   0.00000
  -2.20000   0.00000
  -2.10000   0.00000
  -2.00000   0.00000
  -1.90000   0.00000
  -1.80000   0.00000
  -1.70000   0.00000
  -1.60000   0.00000
  -1.50000   0.00000
  -1.40000   0.00000
  -1.30000   0.00000
  -1.20000   0.00000
  -1.10000   0.00000
  -1.00000   0.00000
  -0.90000   0.00299
  -0.80000   0.01764
  -0.70000   0.04955
  -0.60000   0.09431
  -0.50000   0.13802
  -0.40000   0.14970
  -0.30000   0.14329
  -0.20000   0.14108
  -0.10000   0.14394
   0.00000   0.16893
   0.10000   0.17277
   0.20000   0.12049
   0.30000   0.05480
   0.40000   0.02393
   0.50000   0.01738
   0.60000   0.01381
   0.70000   0.01759
   0.80000   0.02107
   0.90000   0.02079
   1.00000   0.01999
   1.10000   0.01977
   1.20000   0.02480
   1.30000   0.03007
   1.40000   0.02421
   1.50000   0.01472
   1.60000   0.00916
   1.70000   0.00436
   1.80000   0.00094
   1.90000   0.00000
   2.00000   0.00000
   2.10000   0.00000
   2.20000   0.00000
   2.30000   0.00000
   2.40000   0.00000
   2.50000   0.00000
   2.60000   0.00000
   2.70000   0.00000
   2.80000   0.00000
   2.90000   0.00000
   3.00000   0.00000
