 dodecamethylcyclohexasiloxane sigma-profile (sigma [e/nm^2], p(sigma)*At [nm^2])
  -3.00000   0.00000
  -2.90000   0.00000
  -2.80000   0.00000
  -2.70000   0.00000
  -2.60000   0.00000
  -2.50000   0.00000
  -2.40000   0.00000
  -2.30000   0.00000
  -2.20000   0.00000
  -2.10000   0.00000
  -2.00000   0.00000
  -1.90000   0.00000
  -1.80000   0.00000
  -1.70000   0.00000
  -1.60000   0.00000
  -1.50000   0.00000
  -1.40000   0.00000
  -1.30000   0.00000
  -1.20000   0.00000
  -1.10000   0.00000
  -1.00000   0.00000
  -0.90000   0.00000
  -0.80000   0.00221
  -0.70000   0.06585
  -0.60000   0.22124
  -0.50000   0.37505
  -0.40000   0.43467
  -0.30000   0.42101
  -0.20000   0.40365
  -0.10000   0.34699
   0.00000   0.33250
   0.10000   0.42137
   0.20000   0.44760
   0.30000   0.37910
   0.40000   0.26072
   0.50000   0.13929
   0.60000   0.06845
   0.70000   0.03683
   0.80000   0.03146
   0.90000   0.04122
   1.00000   0.04857
   1.10000   0.04496
   1.20000   0.03901
   1.30000   0.03332
   1.40000   0.02279
   1.50000   0.00898
   1.60000   0.00112
   1.70000   0.00000
   1.80000   0.00000
   1.90000   0.00000
   2.00000   0.00000
   2.10000   0.00000
   2.20000   0.00000
   2.30000   0.00000
   2.40000   0.00000
   2.50000   0.00000
   2.60000   0.00000
   2.70000   0.00000
   2.80000   0.00000
   2.90000   0.00000
   3.00000   0.00000
