 decamethylcyclopentasiloxane sigma-profile (sigma [e/nm^2], p(sigma)*At [nm^2])
  -3.00000   0.00000
  -2.90000   0.00000
  -2.80000   0.00000
  -2.70000   0.00000
  -2.60000   0.00000
  -2.50000   0.00000
  -2.40000   0.00000
  -2.30000   0.00000
  -2.20000   0.00000
  -2.10000   0.00000
  -2.00000   0.00000
  -1.90000   0.00000
  -1.80000   0.00000
  -1.70000   0.00000
  -1.60000   0.00000
  -1.50000   0.00000
  -1.40000   0.00000
  -1.30000   0.00000
  -1.20000   0.00000
  -1.10000   0.00000
  -1.00000   0.00000
  -0.90000   0.00000
  -0.80000   0.00062
  -0.70000   0.04210
  -0.60000   0.16522
  -0.50000   0.29808
  -0.40000   0.34039
  -0.30000   0.33612
  -0.20000   0.34318
  -0.10000   0.30176
   0.00000   0.28230
   0.10000   0.35914
   0.20000   0.39536
   0.30000   0.33895
   0.40000   0.24116
   0.50000   0.13466
   0.60000   0.06236
   0.70000   0.03411
   0.80000   0.03046
   0.90000   0.03365
   1.00000   0.03354
   1.10000   0.02705
   1.20000   0.01938
   1.30000   0.01433
   1.40000   0.00736
   1.50000   0.00137
   1.60000   0.00000
   1.70000   0.00000
   1.80000   0.00000
   1.90000   0.00000
   2.00000   0.00000
   2.10000   0.00000
   2.20000   0.00000
   2.30000   0.00000
   2.40000   0.00000
   2.50000   0.00000
   2.60000   0.00000
   2.70000   0.00000
   2.80000   0.00000
   2.90000   0.00000
   3.00000   0.00000
