 1,3-dichlorobenzene sigma-profile (sigma [e/nm^2], p(sigma)*At [nm^2])
  -3.00000   0.00000
  -2.90000   0.00000
  -2.80000   0.00000
  -2.70000   0.00000
  -2.60000   0.00000
  -2.50000   0.00000
  -2.40000   0.00000
  -2.30000   0.00000
  -2.20000   0.00000
  -2.10000   0.00000
  -2.00000   0.00000
  -1.90000   0.00000
  -1.80000   0.00000
  -1.70000   0.00000
  -1.60000   0.00000
  -1.50000   0.00000
  -1.40000   0.00000
  -1.30000   0.00000
  -1.20000   0.00034
  -1.10000   0.00512
  -1.00000   0.02336
  -0.90000   0.04549
  -0.80000   0.05146
  -0.70000   0.04909
  -0.60000   0.04705
  -0.50000   0.04872
  -0.40000   0.05638
  -0.30000   0.06629
  -0.20000   0.07703
  -0.10000   0.08973
   0.00000   0.14426
   0.10000   0.20964
   0.20000   0.19817
   0.30000   0.16185
   0.40000   0.16180
   0.50000   0.12667
   0.60000   0.04461
   0.70000   0.00186
   0.80000   0.00000
   0.90000   0.00000
   1.00000   0.00000
   1.10000   0.00000
   1.20000   0.00000
   1.30000   0.00000
   1.40000   0.00000
   1.50000   0.00000
   1.60000   0.00000
   1.70000   0.00000
   1.80000   0.00000
   1.90000   0.00000
   2.00000   0.00000
   2.10000   0.00000
   2.20000   0.00000
   2.30000   0.00000
   2.40000   0.00000
   2.50000   0.00000
   2.60000   0.00000
   2.70000   0.00000
   2.80000   0.00000
   2.90000   0.00000
   3.00000   0.00000
