 hexadecamethylheptasiloxane sigma-profile (sigma [e/nm^2], p(sigma)*At [nm^2])
  -3.00000   0.00000
  -2.90000   0.00000
  -2.80000   0.00000
  -2.70000   0.00000
  -2.60000   0.00000
  -2.50000   0.00000
  -2.40000   0.00000
  -2.30000   0.00000
  -2.20000   0.00000
  -2.10000   0.00000
  -2.00000   0.00000
  -1.90000   0.00000
  -1.80000   0.00000
  -1.70000   0.00000
  -1.60000   0.00000
  -1.50000   0.00000
  -1.40000   0.00000
  -1.30000   0.00000
  -1.20000   0.00000
  -1.10000   0.00000
  -1.00000   0.00000
  -0.90000   0.00000
  -0.80000   0.00343
  -0.70000   0.07772
  -0.60000   0.27856
  -0.50000   0.49074
  -0.40000   0.57021
  -0.30000   0.56175
  -0.20000   0.55139
  -0.10000   0.48956
   0.00000   0.45229
   0.10000   0.55187
   0.20000   0.61162
   0.30000   0.51165
   0.40000   0.35624
   0.50000   0.20153
   0.60000   0.08322
   0.70000   0.04367
   0.80000   0.04194
   0.90000   0.03925
   1.00000   0.03975
   1.10000   0.04256
   1.20000   0.04214
   1.30000   0.04499
   1.40000   0.04327
   1.50000   0.02442
   1.60000   0.00565
   1.70000   0.00000
   1.80000   0.00000
   1.90000   0.00000
   2.00000   0.00000
   2.10000   0.00000
   2.20000   0.00000
   2.30000   0.00000
   2.40000   0.00000
   2.50000   0.00000
   2.60000   0.00000
   2.70000   0.00000
   2.80000   0.00000
   2.90000   0.00000
   3.00000   0.00000
