 oxybischloromethane sigma-profile (sigma [e/nm^2], p(sigma)*At [nm^2])
  -3.00000   0.00000
  -2.90000   0.00000
  -2.80000   0.00000
  -2.70000   0.00000
  -2.60000   0.00000
  -2.50000   0.00000
  -2.40000   0.00000
  -2.30000   0.00000
  -2.20000   0.00000
  -2.10000   0.00000
  -2.00000   0.00000
  -1.90000   0.00000
  -1.80000   0.00000
  -1.70000   0.00000
  -1.60000   0.00000
  -1.50000   0.00000
  -1.40000   0.00000
  -1.30000   0.00000
  -1.20000   0.01072
  -1.10000   0.03814
  -1.00000   0.05869
  -0.90000   0.05563
  -0.80000   0.04677
  -0.70000   0.04804
  -0.60000   0.05508
  -0.50000   0.05398
  -0.40000   0.03978
  -0.30000   0.03367
  -0.20000   0.03969
  -0.10000   0.05084
   0.00000   0.06166
   0.10000   0.05617
   0.20000   0.06213
   0.30000   0.08325
   0.40000   0.09443
   0.50000   0.12185
   0.60000   0.13676
   0.70000   0.09045
   0.80000   0.03408
   0.90000   0.01272
   1.00000   0.00635
   1.10000   0.00140
   1.20000   0.00000
   1.30000   0.00000
   1.40000   0.00000
   1.50000   0.00000
   1.60000   0.00000
   1.70000   0.00000
   1.80000   0.00000
   1.90000   0.00000
   2.00000   0.00000
   2.10000   0.00000
   2.20000   0.00000
   2.30000   0.00000
   2.40000   0.00000
   2.50000   0.00000
   2.60000   0.00000
   2.70000   0.00000
   2.80000   0.00000
   2.90000   0.00000
   3.00000   0.00000
