 1,1-ethanedioldiacetate sigma-profile (sigma [e/nm^2], p(sigma)*At [nm^2])
  -3.00000   0.00000
  -2.90000   0.00000
  -2.80000   0.00000
  -2.70000   0.00000
  -2.60000   0.00000
  -2.50000   0.00000
  -2.40000   0.00000
  -2.30000   0.00000
  -2.20000   0.00000
  -2.10000   0.00000
  -2.00000   0.00000
  -1.90000   0.00000
  -1.80000   0.00000
  -1.70000   0.00000
  -1.60000   0.00000
  -1.50000   0.00000
  -1.40000   0.00000
  -1.30000   0.00000
  -1.20000   0.00000
  -1.10000   0.00000
  -1.00000   0.00278
  -0.90000   0.02973
  -0.80000   0.08911
  -0.70000   0.13384
  -0.60000   0.14635
  -0.50000   0.14319
  -0.40000   0.12737
  -0.30000   0.13370
  -0.20000   0.16440
  -0.10000   0.16569
   0.00000   0.11680
   0.10000   0.06038
   0.20000   0.03786
   0.30000   0.03595
   0.40000   0.03141
   0.50000   0.02636
   0.60000   0.03235
   0.70000   0.04465
   0.80000   0.04903
   0.90000   0.04530
   1.00000   0.04643
   1.10000   0.05982
   1.20000   0.06630
   1.30000   0.04811
   1.40000   0.02502
   1.50000   0.01186
   1.60000   0.00370
   1.70000   0.00033
   1.80000   0.00000
   1.90000   0.00000
   2.00000   0.00000
   2.10000   0.00000
   2.20000   0.00000
   2.30000   0.00000
   2.40000   0.00000
   2.50000   0.00000
   2.60000   0.00000
   2.70000   0.00000
   2.80000   0.00000
   2.90000   0.00000
   3.00000   0.00000
