 1-chloropentane sigma-profile (sigma [e/nm^2], p(sigma)*At [nm^2])
  -3.00000   0.00000
  -2.90000   0.00000
  -2.80000   0.00000
  -2.70000   0.00000
  -2.60000   0.00000
  -2.50000   0.00000
  -2.40000   0.00000
  -2.30000   0.00000
  -2.20000   0.00000
  -2.10000   0.00000
  -2.00000   0.00000
  -1.90000   0.00000
  -1.80000   0.00000
  -1.70000   0.00000
  -1.60000   0.00000
  -1.50000   0.00000
  -1.40000   0.00000
  -1.30000   0.00000
  -1.20000   0.00000
  -1.10000   0.00000
  -1.00000   0.00002
  -0.90000   0.00710
  -0.80000   0.02346
  -0.70000   0.03172
  -0.60000   0.03934
  -0.50000   0.08036
  -0.40000   0.14020
  -0.30000   0.16904
  -0.20000   0.16341
  -0.10000   0.14665
   0.00000   0.13203
   0.10000   0.13183
   0.20000   0.12559
   0.30000   0.09295
   0.40000   0.06098
   0.50000   0.04318
   0.60000   0.04303
   0.70000   0.06806
   0.80000   0.06751
   0.90000   0.02650
   1.00000   0.00181
   1.10000   0.00000
   1.20000   0.00000
   1.30000   0.00000
   1.40000   0.00000
   1.50000   0.00000
   1.60000   0.00000
   1.70000   0.00000
   1.80000   0.00000
   1.90000   0.00000
   2.00000   0.00000
   2.10000   0.00000
   2.20000   0.00000
   2.30000   0.00000
   2.40000   0.00000
   2.50000   0.00000
   2.60000   0.00000
   2.70000   0.00000
   2.80000   0.00000
   2.90000   0.00000
   3.00000   0.00000
