 2-heptanol sigma-profile (sigma [e/nm^2], p(sigma)*At [nm^2])
  -3.00000   0.00000
  -2.90000   0.00000
  -2.80000   0.00000
  -2.70000   0.00000
  -2.60000   0.00000
  -2.50000   0.00000
  -2.40000   0.00000
  -2.30000   0.00000
  -2.20000   0.00000
  -2.10000   0.00000
  -2.00000   0.00000
  -1.90000   0.00000
  -1.80000   0.00094
  -1.70000   0.00373
  -1.60000   0.00678
  -1.50000   0.00729
  -1.40000   0.00609
  -1.30000   0.00669
  -1.20000   0.00725
  -1.10000   0.00515
  -1.00000   0.00351
  -0.90000   0.00494
  -0.80000   0.00753
  -0.70000   0.00872
  -0.60000   0.01974
  -0.50000   0.07115
  -0.40000   0.15571
  -0.30000   0.20849
  -0.20000   0.21353
  -0.10000   0.20651
   0.00000   0.19850
   0.10000   0.19255
   0.20000   0.17881
   0.30000   0.12850
   0.40000   0.05709
   0.50000   0.01728
   0.60000   0.01279
   0.70000   0.01309
   0.80000   0.00818
   0.90000   0.00385
   1.00000   0.00377
   1.10000   0.00850
   1.20000   0.01515
   1.30000   0.01449
   1.40000   0.00905
   1.50000   0.01057
   1.60000   0.01761
   1.70000   0.01858
   1.80000   0.01100
   1.90000   0.00330
   2.00000   0.00037
   2.10000   0.00000
   2.20000   0.00000
   2.30000   0.00000
   2.40000   0.00000
   2.50000   0.00000
   2.60000   0.00000
   2.70000   0.00000
   2.80000   0.00000
   2.90000   0.00000
   3.00000   0.00000
