 ethyl-linoleate sigma-profile (sigma [e/nm^2], p(sigma)*At [nm^2])
  -3.00000   0.00000
  -2.90000   0.00000
  -2.80000   0.00000
  -2.70000   0.00000
  -2.60000   0.00000
  -2.50000   0.00000
  -2.40000   0.00000
  -2.30000   0.00000
  -2.20000   0.00000
  -2.10000   0.00000
  -2.00000   0.00000
  -1.90000   0.00000
  -1.80000   0.00000
  -1.70000   0.00000
  -1.60000   0.00000
  -1.50000   0.00000
  -1.40000   0.00000
  -1.30000   0.00000
  -1.20000   0.00000
  -1.10000   0.00000
  -1.00000   0.00000
  -0.90000   0.00032
  -0.80000   0.01267
  -0.70000   0.06089
  -0.60000   0.13796
  -0.50000   0.24155
  -0.40000   0.38021
  -0.30000   0.48159
  -0.20000   0.49706
  -0.10000   0.48509
   0.00000   0.46450
   0.10000   0.40723
   0.20000   0.34051
   0.30000   0.25901
   0.40000   0.14944
   0.50000   0.07884
   0.60000   0.06703
   0.70000   0.06815
   0.80000   0.05839
   0.90000   0.04599
   1.00000   0.03700
   1.10000   0.03141
   1.20000   0.03470
   1.30000   0.03609
   1.40000   0.02719
   1.50000   0.01656
   1.60000   0.00806
   1.70000   0.00201
   1.80000   0.00000
   1.90000   0.00000
   2.00000   0.00000
   2.10000   0.00000
   2.20000   0.00000
   2.30000   0.00000
   2.40000   0.00000
   2.50000   0.00000
   2.60000   0.00000
   2.70000   0.00000
   2.80000   0.00000
   2.90000   0.00000
   3.00000   0.00000
