 cis-3-methylcyclohexanol sigma-profile (sigma [e/nm^2], p(sigma)*At [nm^2])
  -3.00000   0.00000
  -2.90000   0.00000
  -2.80000   0.00000
  -2.70000   0.00000
  -2.60000   0.00000
  -2.50000   0.00000
  -2.40000   0.00000
  -2.30000   0.00000
  -2.20000   0.00000
  -2.10000   0.00000
  -2.00000   0.00000
  -1.90000   0.00000
  -1.80000   0.00105
  -1.70000   0.00501
  -1.60000   0.00946
  -1.50000   0.00997
  -1.40000   0.00770
  -1.30000   0.00715
  -1.20000   0.00818
  -1.10000   0.00715
  -1.00000   0.00481
  -0.90000   0.00444
  -0.80000   0.00589
  -0.70000   0.00654
  -0.60000   0.00990
  -0.50000   0.05233
  -0.40000   0.13737
  -0.30000   0.18772
  -0.20000   0.19003
  -0.10000   0.18594
   0.00000   0.17306
   0.10000   0.15773
   0.20000   0.14514
   0.30000   0.10482
   0.40000   0.04242
   0.50000   0.01101
   0.60000   0.01117
   0.70000   0.01121
   0.80000   0.00926
   0.90000   0.00710
   1.00000   0.00552
   1.10000   0.00821
   1.20000   0.01284
   1.30000   0.01323
   1.40000   0.01020
   1.50000   0.01190
   1.60000   0.01754
   1.70000   0.01850
   1.80000   0.01205
   1.90000   0.00411
   2.00000   0.00048
   2.10000   0.00000
   2.20000   0.00000
   2.30000   0.00000
   2.40000   0.00000
   2.50000   0.00000
   2.60000   0.00000
   2.70000   0.00000
   2.80000   0.00000
   2.90000   0.00000
   3.00000   0.00000
