 2-hydroxy-propanoicacid-methylester sigma-profile (sigma [e/nm^2], p(sigma)*At [nm^2])
  -3.00000   0.00000
  -2.90000   0.00000
  -2.80000   0.00000
  -2.70000   0.00000
  -2.60000   0.00000
  -2.50000   0.00000
  -2.40000   0.00000
  -2.30000   0.00000
  -2.20000   0.00000
  -2.10000   0.00000
  -2.00000   0.00000
  -1.90000   0.00000
  -1.80000   0.00000
  -1.70000   0.00000
  -1.60000   0.00052
  -1.50000   0.00197
  -1.40000   0.00379
  -1.30000   0.00524
  -1.20000   0.00584
  -1.10000   0.00515
  -1.00000   0.00454
  -0.90000   0.01886
  -0.80000   0.05392
  -0.70000   0.08851
  -0.60000   0.10982
  -0.50000   0.11457
  -0.40000   0.11673
  -0.30000   0.11782
  -0.20000   0.09834
  -0.10000   0.08086
   0.00000   0.08093
   0.10000   0.06866
   0.20000   0.04067
   0.30000   0.02845
   0.40000   0.03002
   0.50000   0.02850
   0.60000   0.02710
   0.70000   0.02784
   0.80000   0.02779
   0.90000   0.02780
   1.00000   0.03627
   1.10000   0.04585
   1.20000   0.03764
   1.30000   0.02295
   1.40000   0.01908
   1.50000   0.02040
   1.60000   0.01557
   1.70000   0.00592
   1.80000   0.00077
   1.90000   0.00000
   2.00000   0.00000
   2.10000   0.00000
   2.20000   0.00000
   2.30000   0.00000
   2.40000   0.00000
   2.50000   0.00000
   2.60000   0.00000
   2.70000   0.00000
   2.80000   0.00000
   2.90000   0.00000
   3.00000   0.00000
