 2-methylpropanoicacidmethylester sigma-profile (sigma [e/nm^2], p(sigma)*At [nm^2])
  -3.00000   0.00000
  -2.90000   0.00000
  -2.80000   0.00000
  -2.70000   0.00000
  -2.60000   0.00000
  -2.50000   0.00000
  -2.40000   0.00000
  -2.30000   0.00000
  -2.20000   0.00000
  -2.10000   0.00000
  -2.00000   0.00000
  -1.90000   0.00000
  -1.80000   0.00000
  -1.70000   0.00000
  -1.60000   0.00000
  -1.50000   0.00000
  -1.40000   0.00000
  -1.30000   0.00000
  -1.20000   0.00000
  -1.10000   0.00000
  -1.00000   0.00000
  -0.90000   0.00324
  -0.80000   0.02038
  -0.70000   0.05088
  -0.60000   0.08821
  -0.50000   0.12914
  -0.40000   0.14808
  -0.30000   0.15426
  -0.20000   0.15247
  -0.10000   0.12563
   0.00000   0.11449
   0.10000   0.11931
   0.20000   0.09349
   0.30000   0.04516
   0.40000   0.01951
   0.50000   0.01827
   0.60000   0.01736
   0.70000   0.01741
   0.80000   0.01952
   0.90000   0.02060
   1.00000   0.02237
   1.10000   0.02493
   1.20000   0.03038
   1.30000   0.03422
   1.40000   0.02575
   1.50000   0.01409
   1.60000   0.00721
   1.70000   0.00209
   1.80000   0.00000
   1.90000   0.00000
   2.00000   0.00000
   2.10000   0.00000
   2.20000   0.00000
   2.30000   0.00000
   2.40000   0.00000
   2.50000   0.00000
   2.60000   0.00000
   2.70000   0.00000
   2.80000   0.00000
   2.90000   0.00000
   3.00000   0.00000
