 methylpropionate sigma-profile (sigma [e/nm^2], p(sigma)*At [nm^2])
  -3.00000   0.00000
  -2.90000   0.00000
  -2.80000   0.00000
  -2.70000   0.00000
  -2.60000   0.00000
  -2.50000   0.00000
  -2.40000   0.00000
  -2.30000   0.00000
  -2.20000   0.00000
  -2.10000   0.00000
  -2.00000   0.00000
  -1.90000   0.00000
  -1.80000   0.00000
  -1.70000   0.00000
  -1.60000   0.00000
  -1.50000   0.00000
  -1.40000   0.00000
  -1.30000   0.00000
  -1.20000   0.00000
  -1.10000   0.00000
  -1.00000   0.00000
  -0.90000   0.00324
  -0.80000   0.02954
  -0.70000   0.06988
  -0.60000   0.09394
  -0.50000   0.11184
  -0.40000   0.12422
  -0.30000   0.13197
  -0.20000   0.13469
  -0.10000   0.10982
   0.00000   0.08070
   0.10000   0.07302
   0.20000   0.06053
   0.30000   0.03485
   0.40000   0.01932
   0.50000   0.01642
   0.60000   0.01845
   0.70000   0.02120
   0.80000   0.02093
   0.90000   0.02155
   1.00000   0.02281
   1.10000   0.02509
   1.20000   0.03269
   1.30000   0.03560
   1.40000   0.02667
   1.50000   0.01493
   1.60000   0.00600
   1.70000   0.00109
   1.80000   0.00000
   1.90000   0.00000
   2.00000   0.00000
   2.10000   0.00000
   2.20000   0.00000
   2.30000   0.00000
   2.40000   0.00000
   2.50000   0.00000
   2.60000   0.00000
   2.70000   0.00000
   2.80000   0.00000
   2.90000   0.00000
   3.00000   0.00000
