 3-methylene-6-(1-methylethyl)cyclohexene sigma-profile (sigma [e/nm^2], p(sigma)*At [nm^2])
  -3.00000   0.00000
  -2.90000   0.00000
  -2.80000   0.00000
  -2.70000   0.00000
  -2.60000   0.00000
  -2.50000   0.00000
  -2.40000   0.00000
  -2.30000   0.00000
  -2.20000   0.00000
  -2.10000   0.00000
  -2.00000   0.00000
  -1.90000   0.00000
  -1.80000   0.00000
  -1.70000   0.00000
  -1.60000   0.00000
  -1.50000   0.00000
  -1.40000   0.00000
  -1.30000   0.00000
  -1.20000   0.00000
  -1.10000   0.00000
  -1.00000   0.00000
  -0.90000   0.00000
  -0.80000   0.00135
  -0.70000   0.01541
  -0.60000   0.05066
  -0.50000   0.11070
  -0.40000   0.17840
  -0.30000   0.20555
  -0.20000   0.19520
  -0.10000   0.18523
   0.00000   0.18086
   0.10000   0.18157
   0.20000   0.18208
   0.30000   0.14891
   0.40000   0.09134
   0.50000   0.06402
   0.60000   0.05882
   0.70000   0.05049
   0.80000   0.03685
   0.90000   0.01738
   1.00000   0.00415
   1.10000   0.00045
   1.20000   0.00000
   1.30000   0.00000
   1.40000   0.00000
   1.50000   0.00000
   1.60000   0.00000
   1.70000   0.00000
   1.80000   0.00000
   1.90000   0.00000
   2.00000   0.00000
   2.10000   0.00000
   2.20000   0.00000
   2.30000   0.00000
   2.40000   0.00000
   2.50000   0.00000
   2.60000   0.00000
   2.70000   0.00000
   2.80000   0.00000
   2.90000   0.00000
   3.00000   0.00000
