 hexadecamethylcyclooctasiloxane sigma-profile (sigma [e/nm^2], p(sigma)*At [nm^2])
  -3.00000   0.00000
  -2.90000   0.00000
  -2.80000   0.00000
  -2.70000   0.00000
  -2.60000   0.00000
  -2.50000   0.00000
  -2.40000   0.00000
  -2.30000   0.00000
  -2.20000   0.00000
  -2.10000   0.00000
  -2.00000   0.00000
  -1.90000   0.00000
  -1.80000   0.00000
  -1.70000   0.00000
  -1.60000   0.00000
  -1.50000   0.00000
  -1.40000   0.00000
  -1.30000   0.00000
  -1.20000   0.00000
  -1.10000   0.00000
  -1.00000   0.00000
  -0.90000   0.00000
  -0.80000   0.00418
  -0.70000   0.09922
  -0.60000   0.31101
  -0.50000   0.48634
  -0.40000   0.53746
  -0.30000   0.54180
  -0.20000   0.53708
  -0.10000   0.46106
   0.00000   0.45606
   0.10000   0.57748
   0.20000   0.60143
   0.30000   0.48866
   0.40000   0.32353
   0.50000   0.16905
   0.60000   0.07846
   0.70000   0.04709
   0.80000   0.04478
   0.90000   0.05564
   1.00000   0.06494
   1.10000   0.05693
   1.20000   0.05076
   1.30000   0.05279
   1.40000   0.03802
   1.50000   0.01207
   1.60000   0.00042
   1.70000   0.00000
   1.80000   0.00000
   1.90000   0.00000
   2.00000   0.00000
   2.10000   0.00000
   2.20000   0.00000
   2.30000   0.00000
   2.40000   0.00000
   2.50000   0.00000
   2.60000   0.00000
   2.70000   0.00000
   2.80000   0.00000
   2.90000   0.00000
   3.00000   0.00000
