 octadecamethyloctasiloxane sigma-profile (sigma [e/nm^2], p(sigma)*At [nm^2])
  -3.00000   0.00000
  -2.90000   0.00000
  -2.80000   0.00000
  -2.70000   0.00000
  -2.60000   0.00000
  -2.50000   0.00000
  -2.40000   0.00000
  -2.30000   0.00000
  -2.20000   0.00000
  -2.10000   0.00000
  -2.00000   0.00000
  -1.90000   0.00000
  -1.80000   0.00000
  -1.70000   0.00000
  -1.60000   0.00000
  -1.50000   0.00000
  -1.40000   0.00000
  -1.30000   0.00000
  -1.20000   0.00000
  -1.10000   0.00000
  -1.00000   0.00000
  -0.90000   0.00000
  -0.80000   0.00257
  -0.70000   0.08130
  -0.60000   0.29413
  -0.50000   0.52353
  -0.40000   0.62834
  -0.30000   0.63637
  -0.20000   0.62780
  -0.10000   0.55677
   0.00000   0.52525
   0.10000   0.63989
   0.20000   0.70609
   0.30000   0.60657
   0.40000   0.40929
   0.50000   0.21745
   0.60000   0.08966
   0.70000   0.03964
   0.80000   0.03805
   0.90000   0.04286
   1.00000   0.05083
   1.10000   0.05052
   1.20000   0.04270
   1.30000   0.04576
   1.40000   0.04233
   1.50000   0.01946
   1.60000   0.00308
   1.70000   0.00000
   1.80000   0.00000
   1.90000   0.00000
   2.00000   0.00000
   2.10000   0.00000
   2.20000   0.00000
   2.30000   0.00000
   2.40000   0.00000
   2.50000   0.00000
   2.60000   0.00000
   2.70000   0.00000
   2.80000   0.00000
   2.90000   0.00000
   3.00000   0.00000
