 2,2-dimethyl-oxirane sigma-profile (sigma [e/nm^2], p(sigma)*At [nm^2])
  -3.00000   0.00000
  -2.90000   0.00000
  -2.80000   0.00000
  -2.70000   0.00000
  -2.60000   0.00000
  -2.50000   0.00000
  -2.40000   0.00000
  -2.30000   0.00000
  -2.20000   0.00000
  -2.10000   0.00000
  -2.00000   0.00000
  -1.90000   0.00000
  -1.80000   0.00000
  -1.70000   0.00000
  -1.60000   0.00000
  -1.50000   0.00000
  -1.40000   0.00000
  -1.30000   0.00000
  -1.20000   0.00000
  -1.10000   0.00000
  -1.00000   0.00000
  -0.90000   0.00037
  -0.80000   0.00859
  -0.70000   0.03765
  -0.60000   0.08040
  -0.50000   0.10837
  -0.40000   0.10962
  -0.30000   0.10427
  -0.20000   0.10010
  -0.10000   0.10188
   0.00000   0.12519
   0.10000   0.12344
   0.20000   0.07032
   0.30000   0.02555
   0.40000   0.01419
   0.50000   0.01379
   0.60000   0.01202
   0.70000   0.00946
   0.80000   0.00907
   0.90000   0.01048
   1.00000   0.01374
   1.10000   0.01883
   1.20000   0.02321
   1.30000   0.02293
   1.40000   0.01832
   1.50000   0.01418
   1.60000   0.01032
   1.70000   0.00446
   1.80000   0.00057
   1.90000   0.00000
   2.00000   0.00000
   2.10000   0.00000
   2.20000   0.00000
   2.30000   0.00000
   2.40000   0.00000
   2.50000   0.00000
   2.60000   0.00000
   2.70000   0.00000
   2.80000   0.00000
   2.90000   0.00000
   3.00000   0.00000
