 3,3-dimethyl-1-butene sigma-profile (sigma [e/nm^2], p(sigma)*At [nm^2])
  -3.00000   0.00000
  -2.90000   0.00000
  -2.80000   0.00000
  -2.70000   0.00000
  -2.60000   0.00000
  -2.50000   0.00000
  -2.40000   0.00000
  -2.30000   0.00000
  -2.20000   0.00000
  -2.10000   0.00000
  -2.00000   0.00000
  -1.90000   0.00000
  -1.80000   0.00000
  -1.70000   0.00000
  -1.60000   0.00000
  -1.50000   0.00000
  -1.40000   0.00000
  -1.30000   0.00000
  -1.20000   0.00000
  -1.10000   0.00000
  -1.00000   0.00000
  -0.90000   0.00000
  -0.80000   0.00057
  -0.70000   0.00851
  -0.60000   0.03504
  -0.50000   0.08319
  -0.40000   0.13556
  -0.30000   0.15215
  -0.20000   0.14266
  -0.10000   0.13045
   0.00000   0.11647
   0.10000   0.13714
   0.20000   0.16825
   0.30000   0.13764
   0.40000   0.06737
   0.50000   0.03347
   0.60000   0.03033
   0.70000   0.02440
   0.80000   0.02059
   0.90000   0.01665
   1.00000   0.00897
   1.10000   0.00221
   1.20000   0.00000
   1.30000   0.00000
   1.40000   0.00000
   1.50000   0.00000
   1.60000   0.00000
   1.70000   0.00000
   1.80000   0.00000
   1.90000   0.00000
   2.00000   0.00000
   2.10000   0.00000
   2.20000   0.00000
   2.30000   0.00000
   2.40000   0.00000
   2.50000   0.00000
   2.60000   0.00000
   2.70000   0.00000
   2.80000   0.00000
   2.90000   0.00000
   3.00000   0.00000
