 2-methyl-propane-1,2-diol sigma-profile (sigma [e/nm^2], p(sigma)*At [nm^2])
  -3.00000   0.00000
  -2.90000   0.00000
  -2.80000   0.00000
  -2.70000   0.00000
  -2.60000   0.00000
  -2.50000   0.00000
  -2.40000   0.00000
  -2.30000   0.00000
  -2.20000   0.00000
  -2.10000   0.00000
  -2.00000   0.00000
  -1.90000   0.00036
  -1.80000   0.00323
  -1.70000   0.00758
  -1.60000   0.00969
  -1.50000   0.01146
  -1.40000   0.01356
  -1.30000   0.01410
  -1.20000   0.01312
  -1.10000   0.01014
  -1.00000   0.00769
  -0.90000   0.01018
  -0.80000   0.01761
  -0.70000   0.03240
  -0.60000   0.06640
  -0.50000   0.10721
  -0.40000   0.11505
  -0.30000   0.09807
  -0.20000   0.08609
  -0.10000   0.08233
   0.00000   0.09336
   0.10000   0.10613
   0.20000   0.08801
   0.30000   0.04424
   0.40000   0.01813
   0.50000   0.01703
   0.60000   0.01944
   0.70000   0.01887
   0.80000   0.01504
   0.90000   0.01083
   1.00000   0.01138
   1.10000   0.02107
   1.20000   0.02613
   1.30000   0.01987
   1.40000   0.02020
   1.50000   0.02910
   1.60000   0.03091
   1.70000   0.01989
   1.80000   0.00661
   1.90000   0.00079
   2.00000   0.00000
   2.10000   0.00000
   2.20000   0.00000
   2.30000   0.00000
   2.40000   0.00000
   2.50000   0.00000
   2.60000   0.00000
   2.70000   0.00000
   2.80000   0.00000
   2.90000   0.00000
   3.00000   0.00000
