 3-methyl-1-butene sigma-profile (sigma [e/nm^2], p(sigma)*At [nm^2])
  -3.00000   0.00000
  -2.90000   0.00000
  -2.80000   0.00000
  -2.70000   0.00000
  -2.60000   0.00000
  -2.50000   0.00000
  -2.40000   0.00000
  -2.30000   0.00000
  -2.20000   0.00000
  -2.10000   0.00000
  -2.00000   0.00000
  -1.90000   0.00000
  -1.80000   0.00000
  -1.70000   0.00000
  -1.60000   0.00000
  -1.50000   0.00000
  -1.40000   0.00000
  -1.30000   0.00000
  -1.20000   0.00000
  -1.10000   0.00000
  -1.00000   0.00000
  -0.90000   0.00000
  -0.80000   0.00062
  -0.70000   0.00985
  -0.60000   0.03665
  -0.50000   0.07808
  -0.40000   0.11942
  -0.30000   0.13326
  -0.20000   0.12465
  -0.10000   0.11602
   0.00000   0.11774
   0.10000   0.13656
   0.20000   0.14277
   0.30000   0.11031
   0.40000   0.06089
   0.50000   0.03486
   0.60000   0.02963
   0.70000   0.02388
   0.80000   0.02059
   0.90000   0.01679
   1.00000   0.00802
   1.10000   0.00138
   1.20000   0.00000
   1.30000   0.00000
   1.40000   0.00000
   1.50000   0.00000
   1.60000   0.00000
   1.70000   0.00000
   1.80000   0.00000
   1.90000   0.00000
   2.00000   0.00000
   2.10000   0.00000
   2.20000   0.00000
   2.30000   0.00000
   2.40000   0.00000
   2.50000   0.00000
   2.60000   0.00000
   2.70000   0.00000
   2.80000   0.00000
   2.90000   0.00000
   3.00000   0.00000
