 2-methyl-1-butene sigma-profile (sigma [e/nm^2], p(sigma)*At [nm^2])
  -3.00000   0.00000
  -2.90000   0.00000
  -2.80000   0.00000
  -2.70000   0.00000
  -2.60000   0.00000
  -2.50000   0.00000
  -2.40000   0.00000
  -2.30000   0.00000
  -2.20000   0.00000
  -2.10000   0.00000
  -2.00000   0.00000
  -1.90000   0.00000
  -1.80000   0.00000
  -1.70000   0.00000
  -1.60000   0.00000
  -1.50000   0.00000
  -1.40000   0.00000
  -1.30000   0.00000
  -1.20000   0.00000
  -1.10000   0.00000
  -1.00000   0.00000
  -0.90000   0.00000
  -0.80000   0.00000
  -0.70000   0.00370
  -0.60000   0.03022
  -0.50000   0.08781
  -0.40000   0.12878
  -0.30000   0.12784
  -0.20000   0.11980
  -0.10000   0.11530
   0.00000   0.12300
   0.10000   0.14801
   0.20000   0.14282
   0.30000   0.08973
   0.40000   0.04407
   0.50000   0.03305
   0.60000   0.03053
   0.70000   0.02499
   0.80000   0.02179
   0.90000   0.01903
   1.00000   0.01159
   1.10000   0.00319
   1.20000   0.00006
   1.30000   0.00000
   1.40000   0.00000
   1.50000   0.00000
   1.60000   0.00000
   1.70000   0.00000
   1.80000   0.00000
   1.90000   0.00000
   2.00000   0.00000
   2.10000   0.00000
   2.20000   0.00000
   2.30000   0.00000
   2.40000   0.00000
   2.50000   0.00000
   2.60000   0.00000
   2.70000   0.00000
   2.80000   0.00000
   2.90000   0.00000
   3.00000   0.00000
