 3-methyl-2-butanone sigma-profile (sigma [e/nm^2], p(sigma)*At [nm^2])
  -3.00000   0.00000
  -2.90000   0.00000
  -2.80000   0.00000
  -2.70000   0.00000
  -2.60000   0.00000
  -2.50000   0.00000
  -2.40000   0.00000
  -2.30000   0.00000
  -2.20000   0.00000
  -2.10000   0.00000
  -2.00000   0.00000
  -1.90000   0.00000
  -1.80000   0.00000
  -1.70000   0.00000
  -1.60000   0.00000
  -1.50000   0.00000
  -1.40000   0.00000
  -1.30000   0.00000
  -1.20000   0.00000
  -1.10000   0.00000
  -1.00000   0.00000
  -0.90000   0.00408
  -0.80000   0.01823
  -0.70000   0.04444
  -0.60000   0.08208
  -0.50000   0.12065
  -0.40000   0.13485
  -0.30000   0.13032
  -0.20000   0.13130
  -0.10000   0.13142
   0.00000   0.12519
   0.10000   0.11247
   0.20000   0.08517
   0.30000   0.04637
   0.40000   0.01841
   0.50000   0.00941
   0.60000   0.00950
   0.70000   0.01096
   0.80000   0.00953
   0.90000   0.01005
   1.00000   0.01398
   1.10000   0.01897
   1.20000   0.02565
   1.30000   0.02854
   1.40000   0.02483
   1.50000   0.01952
   1.60000   0.01335
   1.70000   0.00748
   1.80000   0.00302
   1.90000   0.00042
   2.00000   0.00000
   2.10000   0.00000
   2.20000   0.00000
   2.30000   0.00000
   2.40000   0.00000
   2.50000   0.00000
   2.60000   0.00000
   2.70000   0.00000
   2.80000   0.00000
   2.90000   0.00000
   3.00000   0.00000
