 b-d-fructofuranosyl-a-d-glucopyranoside sigma-profile (sigma [e/nm^2], p(sigma)*At [nm^2])
  -3.00000   0.00000
  -2.90000   0.00000
  -2.80000   0.00000
  -2.70000   0.00000
  -2.60000   0.00000
  -2.50000   0.00000
  -2.40000   0.00000
  -2.30000   0.00000
  -2.20000   0.00000
  -2.10000   0.00000
  -2.00000   0.00216
  -1.90000   0.01407
  -1.80000   0.03548
  -1.70000   0.04970
  -1.60000   0.04845
  -1.50000   0.04081
  -1.40000   0.03583
  -1.30000   0.03292
  -1.20000   0.02918
  -1.10000   0.02896
  -1.00000   0.03698
  -0.90000   0.05572
  -0.80000   0.10408
  -0.70000   0.17331
  -0.60000   0.20523
  -0.50000   0.18835
  -0.40000   0.15519
  -0.30000   0.13365
  -0.20000   0.12845
  -0.10000   0.11518
   0.00000   0.09741
   0.10000   0.08899
   0.20000   0.07745
   0.30000   0.06449
   0.40000   0.06391
   0.50000   0.06931
   0.60000   0.06739
   0.70000   0.06491
   0.80000   0.07079
   0.90000   0.07556
   1.00000   0.07503
   1.10000   0.07515
   1.20000   0.08337
   1.30000   0.09375
   1.40000   0.09051
   1.50000   0.07659
   1.60000   0.05884
   1.70000   0.03516
   1.80000   0.01443
   1.90000   0.00459
   2.00000   0.00101
   2.10000   0.00003
   2.20000   0.00000
   2.30000   0.00000
   2.40000   0.00000
   2.50000   0.00000
   2.60000   0.00000
   2.70000   0.00000
   2.80000   0.00000
   2.90000   0.00000
   3.00000   0.00000
