 2,6-dinitrophenol sigma-profile (sigma [e/nm^2], p(sigma)*At [nm^2])
  -3.00000   0.00000
  -2.90000   0.00000
  -2.80000   0.00000
  -2.70000   0.00000
  -2.60000   0.00000
  -2.50000   0.00000
  -2.40000   0.00000
  -2.30000   0.00000
  -2.20000   0.00000
  -2.10000   0.00000
  -2.00000   0.00000
  -1.90000   0.00000
  -1.80000   0.00000
  -1.70000   0.00049
  -1.60000   0.00177
  -1.50000   0.00354
  -1.40000   0.00449
  -1.30000   0.00453
  -1.20000   0.01455
  -1.10000   0.03998
  -1.00000   0.06358
  -0.90000   0.07262
  -0.80000   0.07423
  -0.70000   0.08091
  -0.60000   0.09077
  -0.50000   0.09535
  -0.40000   0.09942
  -0.30000   0.10125
  -0.20000   0.09514
  -0.10000   0.08643
   0.00000   0.07356
   0.10000   0.05844
   0.20000   0.04958
   0.30000   0.04360
   0.40000   0.04509
   0.50000   0.07807
   0.60000   0.11813
   0.70000   0.11330
   0.80000   0.08593
   0.90000   0.06987
   1.00000   0.05985
   1.10000   0.04771
   1.20000   0.02790
   1.30000   0.00929
   1.40000   0.00137
   1.50000   0.00000
   1.60000   0.00000
   1.70000   0.00000
   1.80000   0.00000
   1.90000   0.00000
   2.00000   0.00000
   2.10000   0.00000
   2.20000   0.00000
   2.30000   0.00000
   2.40000   0.00000
   2.50000   0.00000
   2.60000   0.00000
   2.70000   0.00000
   2.80000   0.00000
   2.90000   0.00000
   3.00000   0.00000
