 2-ethylbenzeneamine sigma-profile (sigma [e/nm^2], p(sigma)*At [nm^2])
  -3.00000   0.00000
  -2.90000   0.00000
  -2.80000   0.00000
  -2.70000   0.00000
  -2.60000   0.00000
  -2.50000   0.00000
  -2.40000   0.00000
  -2.30000   0.00000
  -2.20000   0.00000
  -2.10000   0.00000
  -2.00000   0.00000
  -1.90000   0.00000
  -1.80000   0.00000
  -1.70000   0.00000
  -1.60000   0.00114
  -1.50000   0.00660
  -1.40000   0.01568
  -1.30000   0.02021
  -1.20000   0.01777
  -1.10000   0.01581
  -1.00000   0.01816
  -0.90000   0.02084
  -0.80000   0.02605
  -0.70000   0.04406
  -0.60000   0.06999
  -0.50000   0.09092
  -0.40000   0.10551
  -0.30000   0.11074
  -0.20000   0.10808
  -0.10000   0.10782
   0.00000   0.11378
   0.10000   0.12185
   0.20000   0.11684
   0.30000   0.09780
   0.40000   0.08241
   0.50000   0.08234
   0.60000   0.09126
   0.70000   0.08962
   0.80000   0.06257
   0.90000   0.02437
   1.00000   0.00748
   1.10000   0.00626
   1.20000   0.00555
   1.30000   0.00652
   1.40000   0.00508
   1.50000   0.00379
   1.60000   0.00416
   1.70000   0.00248
   1.80000   0.00048
   1.90000   0.00000
   2.00000   0.00000
   2.10000   0.00000
   2.20000   0.00000
   2.30000   0.00000
   2.40000   0.00000
   2.50000   0.00000
   2.60000   0.00000
   2.70000   0.00000
   2.80000   0.00000
   2.90000   0.00000
   3.00000   0.00000
