 2-hydroxy-3-butenenitrile sigma-profile (sigma [e/nm^2], p(sigma)*At [nm^2])
  -3.00000   0.00000
  -2.90000   0.00000
  -2.80000   0.00000
  -2.70000   0.00000
  -2.60000   0.00000
  -2.50000   0.00000
  -2.40000   0.00000
  -2.30000   0.00000
  -2.20000   0.00003
  -2.10000   0.00143
  -2.00000   0.00496
  -1.90000   0.00914
  -1.80000   0.01198
  -1.70000   0.01004
  -1.60000   0.00742
  -1.50000   0.00833
  -1.40000   0.00698
  -1.30000   0.00526
  -1.20000   0.01275
  -1.10000   0.02587
  -1.00000   0.03522
  -0.90000   0.04651
  -0.80000   0.05591
  -0.70000   0.05415
  -0.60000   0.05071
  -0.50000   0.04762
  -0.40000   0.04663
  -0.30000   0.05366
  -0.20000   0.05767
  -0.10000   0.05591
   0.00000   0.05519
   0.10000   0.05726
   0.20000   0.05967
   0.30000   0.05603
   0.40000   0.04878
   0.50000   0.04566
   0.60000   0.04436
   0.70000   0.04414
   0.80000   0.04972
   0.90000   0.04708
   1.00000   0.03792
   1.10000   0.03763
   1.20000   0.04019
   1.30000   0.03452
   1.40000   0.01786
   1.50000   0.00372
   1.60000   0.00004
   1.70000   0.00000
   1.80000   0.00000
   1.90000   0.00000
   2.00000   0.00000
   2.10000   0.00000
   2.20000   0.00000
   2.30000   0.00000
   2.40000   0.00000
   2.50000   0.00000
   2.60000   0.00000
   2.70000   0.00000
   2.80000   0.00000
   2.90000   0.00000
   3.00000   0.00000
