 isopimaricacid sigma-profile (sigma [e/nm^2], p(sigma)*At [nm^2])
  -3.00000   0.00000
  -2.90000   0.00000
  -2.80000   0.00000
  -2.70000   0.00000
  -2.60000   0.00000
  -2.50000   0.00000
  -2.40000   0.00000
  -2.30000   0.00000
  -2.20000   0.00000
  -2.10000   0.00056
  -2.00000   0.00472
  -1.90000   0.01028
  -1.80000   0.01140
  -1.70000   0.01058
  -1.60000   0.00897
  -1.50000   0.00536
  -1.40000   0.00391
  -1.30000   0.00565
  -1.20000   0.00578
  -1.10000   0.00405
  -1.00000   0.00405
  -0.90000   0.00541
  -0.80000   0.00875
  -0.70000   0.02167
  -0.60000   0.06728
  -0.50000   0.16927
  -0.40000   0.28657
  -0.30000   0.33900
  -0.20000   0.32369
  -0.10000   0.28979
   0.00000   0.28653
   0.10000   0.30979
   0.20000   0.27801
   0.30000   0.18282
   0.40000   0.10034
   0.50000   0.06892
   0.60000   0.06714
   0.70000   0.06567
   0.80000   0.05346
   0.90000   0.03713
   1.00000   0.02844
   1.10000   0.02838
   1.20000   0.03334
   1.30000   0.03162
   1.40000   0.02266
   1.50000   0.01363
   1.60000   0.00534
   1.70000   0.00084
   1.80000   0.00000
   1.90000   0.00000
   2.00000   0.00000
   2.10000   0.00000
   2.20000   0.00000
   2.30000   0.00000
   2.40000   0.00000
   2.50000   0.00000
   2.60000   0.00000
   2.70000   0.00000
   2.80000   0.00000
   2.90000   0.00000
   3.00000   0.00000
