 3-pentanol sigma-profile (sigma [e/nm^2], p(sigma)*At [nm^2])
  -3.00000   0.00000
  -2.90000   0.00000
  -2.80000   0.00000
  -2.70000   0.00000
  -2.60000   0.00000
  -2.50000   0.00000
  -2.40000   0.00000
  -2.30000   0.00000
  -2.20000   0.00000
  -2.10000   0.00000
  -2.00000   0.00000
  -1.90000   0.00000
  -1.80000   0.00091
  -1.70000   0.00351
  -1.60000   0.00670
  -1.50000   0.00749
  -1.40000   0.00660
  -1.30000   0.00746
  -1.20000   0.00737
  -1.10000   0.00486
  -1.00000   0.00372
  -0.90000   0.00560
  -0.80000   0.00714
  -0.70000   0.00756
  -0.60000   0.01905
  -0.50000   0.06719
  -0.40000   0.13230
  -0.30000   0.15671
  -0.20000   0.14939
  -0.10000   0.13879
   0.00000   0.13396
   0.10000   0.14701
   0.20000   0.14717
   0.30000   0.10173
   0.40000   0.04131
   0.50000   0.01257
   0.60000   0.01072
   0.70000   0.01102
   0.80000   0.00879
   0.90000   0.00609
   1.00000   0.00599
   1.10000   0.00818
   1.20000   0.01178
   1.30000   0.01429
   1.40000   0.01211
   1.50000   0.01137
   1.60000   0.01402
   1.70000   0.01374
   1.80000   0.00831
   1.90000   0.00230
   2.00000   0.00011
   2.10000   0.00000
   2.20000   0.00000
   2.30000   0.00000
   2.40000   0.00000
   2.50000   0.00000
   2.60000   0.00000
   2.70000   0.00000
   2.80000   0.00000
   2.90000   0.00000
   3.00000   0.00000
