 1,2-butanediol sigma-profile (sigma [e/nm^2], p(sigma)*At [nm^2])
  -3.00000   0.00000
  -2.90000   0.00000
  -2.80000   0.00000
  -2.70000   0.00000
  -2.60000   0.00000
  -2.50000   0.00000
  -2.40000   0.00000
  -2.30000   0.00000
  -2.20000   0.00000
  -2.10000   0.00000
  -2.00000   0.00000
  -1.90000   0.00074
  -1.80000   0.00474
  -1.70000   0.01109
  -1.60000   0.01318
  -1.50000   0.01114
  -1.40000   0.01141
  -1.30000   0.01368
  -1.20000   0.01405
  -1.10000   0.01085
  -1.00000   0.00832
  -0.90000   0.01120
  -0.80000   0.01390
  -0.70000   0.02359
  -0.60000   0.05398
  -0.50000   0.09557
  -0.40000   0.12311
  -0.30000   0.11853
  -0.20000   0.10327
  -0.10000   0.09676
   0.00000   0.08887
   0.10000   0.08581
   0.20000   0.08455
   0.30000   0.06218
   0.40000   0.03162
   0.50000   0.01882
   0.60000   0.01914
   0.70000   0.01987
   0.80000   0.01589
   0.90000   0.01156
   1.00000   0.01313
   1.10000   0.02071
   1.20000   0.02482
   1.30000   0.02254
   1.40000   0.02382
   1.50000   0.02690
   1.60000   0.02462
   1.70000   0.01674
   1.80000   0.00808
   1.90000   0.00234
   2.00000   0.00011
   2.10000   0.00000
   2.20000   0.00000
   2.30000   0.00000
   2.40000   0.00000
   2.50000   0.00000
   2.60000   0.00000
   2.70000   0.00000
   2.80000   0.00000
   2.90000   0.00000
   3.00000   0.00000
