 2,4-diisocyanato-1-methylbenzene sigma-profile (sigma [e/nm^2], p(sigma)*At [nm^2])
  -3.00000   0.00000
  -2.90000   0.00000
  -2.80000   0.00000
  -2.70000   0.00000
  -2.60000   0.00000
  -2.50000   0.00000
  -2.40000   0.00000
  -2.30000   0.00000
  -2.20000   0.00000
  -2.10000   0.00000
  -2.00000   0.00000
  -1.90000   0.00000
  -1.80000   0.00000
  -1.70000   0.00000
  -1.60000   0.00000
  -1.50000   0.00000
  -1.40000   0.00000
  -1.30000   0.00000
  -1.20000   0.00000
  -1.10000   0.00109
  -1.00000   0.00960
  -0.90000   0.03004
  -0.80000   0.05538
  -0.70000   0.08008
  -0.60000   0.09816
  -0.50000   0.12008
  -0.40000   0.14456
  -0.30000   0.13488
  -0.20000   0.12604
  -0.10000   0.15806
   0.00000   0.17084
   0.10000   0.14875
   0.20000   0.14795
   0.30000   0.14881
   0.40000   0.10535
   0.50000   0.06543
   0.60000   0.07261
   0.70000   0.10529
   0.80000   0.10001
   0.90000   0.03851
   1.00000   0.00052
   1.10000   0.00000
   1.20000   0.00000
   1.30000   0.00000
   1.40000   0.00000
   1.50000   0.00000
   1.60000   0.00000
   1.70000   0.00000
   1.80000   0.00000
   1.90000   0.00000
   2.00000   0.00000
   2.10000   0.00000
   2.20000   0.00000
   2.30000   0.00000
   2.40000   0.00000
   2.50000   0.00000
   2.60000   0.00000
   2.70000   0.00000
   2.80000   0.00000
   2.90000   0.00000
   3.00000   0.00000
