 tert-butylmethacrylate sigma-profile (sigma [e/nm^2], p(sigma)*At [nm^2])
  -3.00000   0.00000
  -2.90000   0.00000
  -2.80000   0.00000
  -2.70000   0.00000
  -2.60000   0.00000
  -2.50000   0.00000
  -2.40000   0.00000
  -2.30000   0.00000
  -2.20000   0.00000
  -2.10000   0.00000
  -2.00000   0.00000
  -1.90000   0.00000
  -1.80000   0.00000
  -1.70000   0.00000
  -1.60000   0.00000
  -1.50000   0.00000
  -1.40000   0.00000
  -1.30000   0.00000
  -1.20000   0.00000
  -1.10000   0.00000
  -1.00000   0.00000
  -0.90000   0.00277
  -0.80000   0.01183
  -0.70000   0.04047
  -0.60000   0.09953
  -0.50000   0.15460
  -0.40000   0.16309
  -0.30000   0.15636
  -0.20000   0.15915
  -0.10000   0.16984
   0.00000   0.20961
   0.10000   0.23004
   0.20000   0.17731
   0.30000   0.09870
   0.40000   0.05931
   0.50000   0.04291
   0.60000   0.02680
   0.70000   0.02275
   0.80000   0.02012
   0.90000   0.01540
   1.00000   0.01423
   1.10000   0.01351
   1.20000   0.01824
   1.30000   0.02634
   1.40000   0.02217
   1.50000   0.01105
   1.60000   0.00474
   1.70000   0.00146
   1.80000   0.00008
   1.90000   0.00000
   2.00000   0.00000
   2.10000   0.00000
   2.20000   0.00000
   2.30000   0.00000
   2.40000   0.00000
   2.50000   0.00000
   2.60000   0.00000
   2.70000   0.00000
   2.80000   0.00000
   2.90000   0.00000
   3.00000   0.00000
