 1-tert-butoxy-2-[2-(hydroxy)propoxy]propane sigma-profile (sigma [e/nm^2], p(sigma)*At [nm^2])
  -3.00000   0.00000
  -2.90000   0.00000
  -2.80000   0.00000
  -2.70000   0.00000
  -2.60000   0.00000
  -2.50000   0.00000
  -2.40000   0.00000
  -2.30000   0.00000
  -2.20000   0.00000
  -2.10000   0.00000
  -2.00000   0.00000
  -1.90000   0.00000
  -1.80000   0.00000
  -1.70000   0.00000
  -1.60000   0.00000
  -1.50000   0.00000
  -1.40000   0.00000
  -1.30000   0.00000
  -1.20000   0.00000
  -1.10000   0.00000
  -1.00000   0.00000
  -0.90000   0.00000
  -0.80000   0.00162
  -0.70000   0.03257
  -0.60000   0.12186
  -0.50000   0.23265
  -0.40000   0.27837
  -0.30000   0.25857
  -0.20000   0.23017
  -0.10000   0.20060
   0.00000   0.20909
   0.10000   0.25076
   0.20000   0.21204
   0.30000   0.09642
   0.40000   0.03324
   0.50000   0.02737
   0.60000   0.02197
   0.70000   0.01833
   0.80000   0.02140
   0.90000   0.02438
   1.00000   0.02015
   1.10000   0.01686
   1.20000   0.01751
   1.30000   0.02061
   1.40000   0.02295
   1.50000   0.02036
   1.60000   0.01920
   1.70000   0.02067
   1.80000   0.01878
   1.90000   0.01176
   2.00000   0.00398
   2.10000   0.00044
   2.20000   0.00000
   2.30000   0.00000
   2.40000   0.00000
   2.50000   0.00000
   2.60000   0.00000
   2.70000   0.00000
   2.80000   0.00000
   2.90000   0.00000
   3.00000   0.00000
