 3-methyl-1-pentanol sigma-profile (sigma [e/nm^2], p(sigma)*At [nm^2])
  -3.00000   0.00000
  -2.90000   0.00000
  -2.80000   0.00000
  -2.70000   0.00000
  -2.60000   0.00000
  -2.50000   0.00000
  -2.40000   0.00000
  -2.30000   0.00000
  -2.20000   0.00000
  -2.10000   0.00000
  -2.00000   0.00000
  -1.90000   0.00000
  -1.80000   0.00160
  -1.70000   0.00622
  -1.60000   0.00986
  -1.50000   0.00993
  -1.40000   0.00872
  -1.30000   0.00736
  -1.20000   0.00586
  -1.10000   0.00565
  -1.00000   0.00669
  -0.90000   0.00672
  -0.80000   0.00654
  -0.70000   0.00848
  -0.60000   0.02262
  -0.50000   0.06945
  -0.40000   0.13913
  -0.30000   0.17100
  -0.20000   0.16522
  -0.10000   0.16380
   0.00000   0.15574
   0.10000   0.15612
   0.20000   0.16408
   0.30000   0.12260
   0.40000   0.04830
   0.50000   0.01235
   0.60000   0.01102
   0.70000   0.01056
   0.80000   0.00949
   0.90000   0.00809
   1.00000   0.00707
   1.10000   0.00910
   1.20000   0.01253
   1.30000   0.01319
   1.40000   0.01187
   1.50000   0.01517
   1.60000   0.02045
   1.70000   0.01727
   1.80000   0.00796
   1.90000   0.00165
   2.00000   0.00000
   2.10000   0.00000
   2.20000   0.00000
   2.30000   0.00000
   2.40000   0.00000
   2.50000   0.00000
   2.60000   0.00000
   2.70000   0.00000
   2.80000   0.00000
   2.90000   0.00000
   3.00000   0.00000
