 4-octanone sigma-profile (sigma [e/nm^2], p(sigma)*At [nm^2])
  -3.00000   0.00000
  -2.90000   0.00000
  -2.80000   0.00000
  -2.70000   0.00000
  -2.60000   0.00000
  -2.50000   0.00000
  -2.40000   0.00000
  -2.30000   0.00000
  -2.20000   0.00000
  -2.10000   0.00000
  -2.00000   0.00000
  -1.90000   0.00000
  -1.80000   0.00000
  -1.70000   0.00000
  -1.60000   0.00000
  -1.50000   0.00000
  -1.40000   0.00000
  -1.30000   0.00000
  -1.20000   0.00000
  -1.10000   0.00000
  -1.00000   0.00000
  -0.90000   0.00000
  -0.80000   0.01080
  -0.70000   0.04078
  -0.60000   0.07232
  -0.50000   0.11809
  -0.40000   0.19006
  -0.30000   0.22662
  -0.20000   0.22220
  -0.10000   0.21179
   0.00000   0.19023
   0.10000   0.17849
   0.20000   0.17229
   0.30000   0.12705
   0.40000   0.05393
   0.50000   0.01271
   0.60000   0.00892
   0.70000   0.01185
   0.80000   0.01127
   0.90000   0.01001
   1.00000   0.01446
   1.10000   0.01924
   1.20000   0.02255
   1.30000   0.02563
   1.40000   0.02559
   1.50000   0.02135
   1.60000   0.01339
   1.70000   0.00625
   1.80000   0.00186
   1.90000   0.00000
   2.00000   0.00000
   2.10000   0.00000
   2.20000   0.00000
   2.30000   0.00000
   2.40000   0.00000
   2.50000   0.00000
   2.60000   0.00000
   2.70000   0.00000
   2.80000   0.00000
   2.90000   0.00000
   3.00000   0.00000
