 3-heptanol sigma-profile (sigma [e/nm^2], p(sigma)*At [nm^2])
  -3.00000   0.00000
  -2.90000   0.00000
  -2.80000   0.00000
  -2.70000   0.00000
  -2.60000   0.00000
  -2.50000   0.00000
  -2.40000   0.00000
  -2.30000   0.00000
  -2.20000   0.00000
  -2.10000   0.00000
  -2.00000   0.00000
  -1.90000   0.00000
  -1.80000   0.00096
  -1.70000   0.00361
  -1.60000   0.00686
  -1.50000   0.00745
  -1.40000   0.00631
  -1.30000   0.00690
  -1.20000   0.00653
  -1.10000   0.00506
  -1.00000   0.00517
  -0.90000   0.00579
  -0.80000   0.00616
  -0.70000   0.00765
  -0.60000   0.01824
  -0.50000   0.06624
  -0.40000   0.15000
  -0.30000   0.20189
  -0.20000   0.20842
  -0.10000   0.20323
   0.00000   0.19286
   0.10000   0.19703
   0.20000   0.19370
   0.30000   0.13725
   0.40000   0.05903
   0.50000   0.01815
   0.60000   0.01198
   0.70000   0.01150
   0.80000   0.00984
   0.90000   0.00677
   1.00000   0.00527
   1.10000   0.00719
   1.20000   0.01168
   1.30000   0.01446
   1.40000   0.01220
   1.50000   0.01160
   1.60000   0.01431
   1.70000   0.01389
   1.80000   0.00848
   1.90000   0.00242
   2.00000   0.00008
   2.10000   0.00000
   2.20000   0.00000
   2.30000   0.00000
   2.40000   0.00000
   2.50000   0.00000
   2.60000   0.00000
   2.70000   0.00000
   2.80000   0.00000
   2.90000   0.00000
   3.00000   0.00000
