 formicacid-1-methylpropylester sigma-profile (sigma [e/nm^2], p(sigma)*At [nm^2])
  -3.00000   0.00000
  -2.90000   0.00000
  -2.80000   0.00000
  -2.70000   0.00000
  -2.60000   0.00000
  -2.50000   0.00000
  -2.40000   0.00000
  -2.30000   0.00000
  -2.20000   0.00000
  -2.10000   0.00000
  -2.00000   0.00000
  -1.90000   0.00000
  -1.80000   0.00000
  -1.70000   0.00000
  -1.60000   0.00000
  -1.50000   0.00000
  -1.40000   0.00000
  -1.30000   0.00000
  -1.20000   0.00000
  -1.10000   0.00335
  -1.00000   0.01343
  -0.90000   0.02118
  -0.80000   0.01959
  -0.70000   0.02944
  -0.60000   0.07137
  -0.50000   0.12305
  -0.40000   0.14752
  -0.30000   0.14081
  -0.20000   0.12554
  -0.10000   0.12283
   0.00000   0.13542
   0.10000   0.13357
   0.20000   0.09601
   0.30000   0.05136
   0.40000   0.02570
   0.50000   0.01779
   0.60000   0.01629
   0.70000   0.01484
   0.80000   0.01711
   0.90000   0.02115
   1.00000   0.02523
   1.10000   0.03354
   1.20000   0.03812
   1.30000   0.03008
   1.40000   0.01916
   1.50000   0.01042
   1.60000   0.00331
   1.70000   0.00041
   1.80000   0.00000
   1.90000   0.00000
   2.00000   0.00000
   2.10000   0.00000
   2.20000   0.00000
   2.30000   0.00000
   2.40000   0.00000
   2.50000   0.00000
   2.60000   0.00000
   2.70000   0.00000
   2.80000   0.00000
   2.90000   0.00000
   3.00000   0.00000
