 alpha-tocopherol sigma-profile (sigma [e/nm^2], p(sigma)*At [nm^2])
  -3.00000   0.00000
  -2.90000   0.00000
  -2.80000   0.00000
  -2.70000   0.00000
  -2.60000   0.00000
  -2.50000   0.00000
  -2.40000   0.00000
  -2.30000   0.00000
  -2.20000   0.00000
  -2.10000   0.00000
  -2.00000   0.00031
  -1.90000   0.00231
  -1.80000   0.00493
  -1.70000   0.00524
  -1.60000   0.00536
  -1.50000   0.00701
  -1.40000   0.00671
  -1.30000   0.00458
  -1.20000   0.00464
  -1.10000   0.00588
  -1.00000   0.00669
  -0.90000   0.00834
  -0.80000   0.00930
  -0.70000   0.01775
  -0.60000   0.07276
  -0.50000   0.20416
  -0.40000   0.38970
  -0.30000   0.54056
  -0.20000   0.58892
  -0.10000   0.58822
   0.00000   0.58830
   0.10000   0.58854
   0.20000   0.56294
   0.30000   0.44464
   0.40000   0.25570
   0.50000   0.11831
   0.60000   0.07343
   0.70000   0.06318
   0.80000   0.04741
   0.90000   0.03046
   1.00000   0.02272
   1.10000   0.01924
   1.20000   0.01880
   1.30000   0.01981
   1.40000   0.01456
   1.50000   0.00618
   1.60000   0.00123
   1.70000   0.00000
   1.80000   0.00000
   1.90000   0.00000
   2.00000   0.00000
   2.10000   0.00000
   2.20000   0.00000
   2.30000   0.00000
   2.40000   0.00000
   2.50000   0.00000
   2.60000   0.00000
   2.70000   0.00000
   2.80000   0.00000
   2.90000   0.00000
   3.00000   0.00000
