 3-pyridinecarboxylicacid sigma-profile (sigma [e/nm^2], p(sigma)*At [nm^2])
  -3.00000   0.00000
  -2.90000   0.00000
  -2.80000   0.00000
  -2.70000   0.00000
  -2.60000   0.00000
  -2.50000   0.00000
  -2.40000   0.00000
  -2.30000   0.00000
  -2.20000   0.00009
  -2.10000   0.00334
  -2.00000   0.01016
  -1.90000   0.01274
  -1.80000   0.01141
  -1.70000   0.00999
  -1.60000   0.00576
  -1.50000   0.00279
  -1.40000   0.00488
  -1.30000   0.00735
  -1.20000   0.00627
  -1.10000   0.00479
  -1.00000   0.01633
  -0.90000   0.04304
  -0.80000   0.05766
  -0.70000   0.05639
  -0.60000   0.05928
  -0.50000   0.06476
  -0.40000   0.07261
  -0.30000   0.07917
  -0.20000   0.09246
  -0.10000   0.12549
   0.00000   0.13908
   0.10000   0.11018
   0.20000   0.07119
   0.30000   0.04356
   0.40000   0.02697
   0.50000   0.02358
   0.60000   0.02896
   0.70000   0.03167
   0.80000   0.03435
   0.90000   0.03447
   1.00000   0.03015
   1.10000   0.03418
   1.20000   0.04046
   1.30000   0.03592
   1.40000   0.02358
   1.50000   0.01079
   1.60000   0.00570
   1.70000   0.00734
   1.80000   0.00767
   1.90000   0.00559
   2.00000   0.00283
   2.10000   0.00069
   2.20000   0.00000
   2.30000   0.00000
   2.40000   0.00000
   2.50000   0.00000
   2.60000   0.00000
   2.70000   0.00000
   2.80000   0.00000
   2.90000   0.00000
   3.00000   0.00000
