 3-methylbutanal sigma-profile (sigma [e/nm^2], p(sigma)*At [nm^2])
  -3.00000   0.00000
  -2.90000   0.00000
  -2.80000   0.00000
  -2.70000   0.00000
  -2.60000   0.00000
  -2.50000   0.00000
  -2.40000   0.00000
  -2.30000   0.00000
  -2.20000   0.00000
  -2.10000   0.00000
  -2.00000   0.00000
  -1.90000   0.00000
  -1.80000   0.00000
  -1.70000   0.00000
  -1.60000   0.00000
  -1.50000   0.00000
  -1.40000   0.00000
  -1.30000   0.00000
  -1.20000   0.00000
  -1.10000   0.00000
  -1.00000   0.00000
  -0.90000   0.00203
  -0.80000   0.01681
  -0.70000   0.04554
  -0.60000   0.07993
  -0.50000   0.12310
  -0.40000   0.14917
  -0.30000   0.13770
  -0.20000   0.12333
  -0.10000   0.11125
   0.00000   0.09913
   0.10000   0.10934
   0.20000   0.10571
   0.30000   0.06142
   0.40000   0.02169
   0.50000   0.01135
   0.60000   0.01049
   0.70000   0.00891
   0.80000   0.01236
   0.90000   0.01780
   1.00000   0.02173
   1.10000   0.02705
   1.20000   0.02803
   1.30000   0.02327
   1.40000   0.02029
   1.50000   0.01689
   1.60000   0.00968
   1.70000   0.00297
   1.80000   0.00027
   1.90000   0.00000
   2.00000   0.00000
   2.10000   0.00000
   2.20000   0.00000
   2.30000   0.00000
   2.40000   0.00000
   2.50000   0.00000
   2.60000   0.00000
   2.70000   0.00000
   2.80000   0.00000
   2.90000   0.00000
   3.00000   0.00000
