 n-butylpropionate sigma-profile (sigma [e/nm^2], p(sigma)*At [nm^2])
  -3.00000   0.00000
  -2.90000   0.00000
  -2.80000   0.00000
  -2.70000   0.00000
  -2.60000   0.00000
  -2.50000   0.00000
  -2.40000   0.00000
  -2.30000   0.00000
  -2.20000   0.00000
  -2.10000   0.00000
  -2.00000   0.00000
  -1.90000   0.00000
  -1.80000   0.00000
  -1.70000   0.00000
  -1.60000   0.00000
  -1.50000   0.00000
  -1.40000   0.00000
  -1.30000   0.00000
  -1.20000   0.00000
  -1.10000   0.00000
  -1.00000   0.00000
  -0.90000   0.00065
  -0.80000   0.01302
  -0.70000   0.04342
  -0.60000   0.08247
  -0.50000   0.13958
  -0.40000   0.20027
  -0.30000   0.21967
  -0.20000   0.21054
  -0.10000   0.19065
   0.00000   0.16346
   0.10000   0.15504
   0.20000   0.14232
   0.30000   0.08985
   0.40000   0.03495
   0.50000   0.01860
   0.60000   0.02086
   0.70000   0.01934
   0.80000   0.01813
   0.90000   0.01940
   1.00000   0.02128
   1.10000   0.02550
   1.20000   0.03337
   1.30000   0.03617
   1.40000   0.02789
   1.50000   0.01659
   1.60000   0.00766
   1.70000   0.00178
   1.80000   0.00002
   1.90000   0.00000
   2.00000   0.00000
   2.10000   0.00000
   2.20000   0.00000
   2.30000   0.00000
   2.40000   0.00000
   2.50000   0.00000
   2.60000   0.00000
   2.70000   0.00000
   2.80000   0.00000
   2.90000   0.00000
   3.00000   0.00000
