 aceticacid-2-propenylester sigma-profile (sigma [e/nm^2], p(sigma)*At [nm^2])
  -3.00000   0.00000
  -2.90000   0.00000
  -2.80000   0.00000
  -2.70000   0.00000
  -2.60000   0.00000
  -2.50000   0.00000
  -2.40000   0.00000
  -2.30000   0.00000
  -2.20000   0.00000
  -2.10000   0.00000
  -2.00000   0.00000
  -1.90000   0.00000
  -1.80000   0.00000
  -1.70000   0.00000
  -1.60000   0.00000
  -1.50000   0.00000
  -1.40000   0.00000
  -1.30000   0.00000
  -1.20000   0.00000
  -1.10000   0.00000
  -1.00000   0.00039
  -0.90000   0.01442
  -0.80000   0.06054
  -0.70000   0.11100
  -0.60000   0.12008
  -0.50000   0.11028
  -0.40000   0.10775
  -0.30000   0.10857
  -0.20000   0.11756
  -0.10000   0.11532
   0.00000   0.08993
   0.10000   0.06202
   0.20000   0.05226
   0.30000   0.05237
   0.40000   0.04794
   0.50000   0.04396
   0.60000   0.04217
   0.70000   0.03731
   0.80000   0.02752
   0.90000   0.02064
   1.00000   0.02156
   1.10000   0.02765
   1.20000   0.03501
   1.30000   0.03456
   1.40000   0.02524
   1.50000   0.01562
   1.60000   0.00722
   1.70000   0.00151
   1.80000   0.00004
   1.90000   0.00000
   2.00000   0.00000
   2.10000   0.00000
   2.20000   0.00000
   2.30000   0.00000
   2.40000   0.00000
   2.50000   0.00000
   2.60000   0.00000
   2.70000   0.00000
   2.80000   0.00000
   2.90000   0.00000
   3.00000   0.00000
