 1,2-pentadiene sigma-profile (sigma [e/nm^2], p(sigma)*At [nm^2])
  -3.00000   0.00000
  -2.90000   0.00000
  -2.80000   0.00000
  -2.70000   0.00000
  -2.60000   0.00000
  -2.50000   0.00000
  -2.40000   0.00000
  -2.30000   0.00000
  -2.20000   0.00000
  -2.10000   0.00000
  -2.00000   0.00000
  -1.90000   0.00000
  -1.80000   0.00000
  -1.70000   0.00000
  -1.60000   0.00000
  -1.50000   0.00000
  -1.40000   0.00000
  -1.30000   0.00000
  -1.20000   0.00000
  -1.10000   0.00000
  -1.00000   0.00000
  -0.90000   0.00601
  -0.80000   0.02328
  -0.70000   0.03838
  -0.60000   0.05078
  -0.50000   0.07787
  -0.40000   0.10031
  -0.30000   0.09926
  -0.20000   0.09844
  -0.10000   0.10704
   0.00000   0.11366
   0.10000   0.11604
   0.20000   0.10814
   0.30000   0.08557
   0.40000   0.07060
   0.50000   0.06955
   0.60000   0.06115
   0.70000   0.04634
   0.80000   0.02684
   0.90000   0.00800
   1.00000   0.00088
   1.10000   0.00000
   1.20000   0.00000
   1.30000   0.00000
   1.40000   0.00000
   1.50000   0.00000
   1.60000   0.00000
   1.70000   0.00000
   1.80000   0.00000
   1.90000   0.00000
   2.00000   0.00000
   2.10000   0.00000
   2.20000   0.00000
   2.30000   0.00000
   2.40000   0.00000
   2.50000   0.00000
   2.60000   0.00000
   2.70000   0.00000
   2.80000   0.00000
   2.90000   0.00000
   3.00000   0.00000
