 pentanoicacidbutylester sigma-profile (sigma [e/nm^2], p(sigma)*At [nm^2])
  -3.00000   0.00000
  -2.90000   0.00000
  -2.80000   0.00000
  -2.70000   0.00000
  -2.60000   0.00000
  -2.50000   0.00000
  -2.40000   0.00000
  -2.30000   0.00000
  -2.20000   0.00000
  -2.10000   0.00000
  -2.00000   0.00000
  -1.90000   0.00000
  -1.80000   0.00000
  -1.70000   0.00000
  -1.60000   0.00000
  -1.50000   0.00000
  -1.40000   0.00000
  -1.30000   0.00000
  -1.20000   0.00000
  -1.10000   0.00000
  -1.00000   0.00000
  -0.90000   0.00020
  -0.80000   0.01083
  -0.70000   0.03932
  -0.60000   0.07063
  -0.50000   0.13713
  -0.40000   0.24128
  -0.30000   0.28283
  -0.20000   0.26574
  -0.10000   0.24312
   0.00000   0.20989
   0.10000   0.19642
   0.20000   0.19357
   0.30000   0.13931
   0.40000   0.05742
   0.50000   0.02088
   0.60000   0.01768
   0.70000   0.01654
   0.80000   0.01898
   0.90000   0.02086
   1.00000   0.02118
   1.10000   0.02467
   1.20000   0.03438
   1.30000   0.03704
   1.40000   0.02659
   1.50000   0.01617
   1.60000   0.00841
   1.70000   0.00215
   1.80000   0.00007
   1.90000   0.00000
   2.00000   0.00000
   2.10000   0.00000
   2.20000   0.00000
   2.30000   0.00000
   2.40000   0.00000
   2.50000   0.00000
   2.60000   0.00000
   2.70000   0.00000
   2.80000   0.00000
   2.90000   0.00000
   3.00000   0.00000
