 2,3-pentadiene sigma-profile (sigma [e/nm^2], p(sigma)*At [nm^2])
  -3.00000   0.00000
  -2.90000   0.00000
  -2.80000   0.00000
  -2.70000   0.00000
  -2.60000   0.00000
  -2.50000   0.00000
  -2.40000   0.00000
  -2.30000   0.00000
  -2.20000   0.00000
  -2.10000   0.00000
  -2.00000   0.00000
  -1.90000   0.00000
  -1.80000   0.00000
  -1.70000   0.00000
  -1.60000   0.00000
  -1.50000   0.00000
  -1.40000   0.00000
  -1.30000   0.00000
  -1.20000   0.00000
  -1.10000   0.00000
  -1.00000   0.00000
  -0.90000   0.00015
  -0.80000   0.00708
  -0.70000   0.02807
  -0.60000   0.06405
  -0.50000   0.09729
  -0.40000   0.10490
  -0.30000   0.10156
  -0.20000   0.09643
  -0.10000   0.10096
   0.00000   0.13149
   0.10000   0.14185
   0.20000   0.10534
   0.30000   0.06800
   0.40000   0.05739
   0.50000   0.05949
   0.60000   0.05939
   0.70000   0.04927
   0.80000   0.03093
   0.90000   0.01131
   1.00000   0.00093
   1.10000   0.00000
   1.20000   0.00000
   1.30000   0.00000
   1.40000   0.00000
   1.50000   0.00000
   1.60000   0.00000
   1.70000   0.00000
   1.80000   0.00000
   1.90000   0.00000
   2.00000   0.00000
   2.10000   0.00000
   2.20000   0.00000
   2.30000   0.00000
   2.40000   0.00000
   2.50000   0.00000
   2.60000   0.00000
   2.70000   0.00000
   2.80000   0.00000
   2.90000   0.00000
   3.00000   0.00000
