 1-hexene sigma-profile (sigma [e/nm^2], p(sigma)*At [nm^2])
  -3.00000   0.00000
  -2.90000   0.00000
  -2.80000   0.00000
  -2.70000   0.00000
  -2.60000   0.00000
  -2.50000   0.00000
  -2.40000   0.00000
  -2.30000   0.00000
  -2.20000   0.00000
  -2.10000   0.00000
  -2.00000   0.00000
  -1.90000   0.00000
  -1.80000   0.00000
  -1.70000   0.00000
  -1.60000   0.00000
  -1.50000   0.00000
  -1.40000   0.00000
  -1.30000   0.00000
  -1.20000   0.00000
  -1.10000   0.00000
  -1.00000   0.00000
  -0.90000   0.00000
  -0.80000   0.00059
  -0.70000   0.01018
  -0.60000   0.03408
  -0.50000   0.07287
  -0.40000   0.12511
  -0.30000   0.16152
  -0.20000   0.16492
  -0.10000   0.15934
   0.00000   0.16067
   0.10000   0.16030
   0.20000   0.15494
   0.30000   0.12649
   0.40000   0.06968
   0.50000   0.03732
   0.60000   0.03247
   0.70000   0.02458
   0.80000   0.02132
   0.90000   0.01798
   1.00000   0.00854
   1.10000   0.00175
   1.20000   0.00000
   1.30000   0.00000
   1.40000   0.00000
   1.50000   0.00000
   1.60000   0.00000
   1.70000   0.00000
   1.80000   0.00000
   1.90000   0.00000
   2.00000   0.00000
   2.10000   0.00000
   2.20000   0.00000
   2.30000   0.00000
   2.40000   0.00000
   2.50000   0.00000
   2.60000   0.00000
   2.70000   0.00000
   2.80000   0.00000
   2.90000   0.00000
   3.00000   0.00000
