 1,5-hexadiene sigma-profile (sigma [e/nm^2], p(sigma)*At [nm^2])
  -3.00000   0.00000
  -2.90000   0.00000
  -2.80000   0.00000
  -2.70000   0.00000
  -2.60000   0.00000
  -2.50000   0.00000
  -2.40000   0.00000
  -2.30000   0.00000
  -2.20000   0.00000
  -2.10000   0.00000
  -2.00000   0.00000
  -1.90000   0.00000
  -1.80000   0.00000
  -1.70000   0.00000
  -1.60000   0.00000
  -1.50000   0.00000
  -1.40000   0.00000
  -1.30000   0.00000
  -1.20000   0.00000
  -1.10000   0.00000
  -1.00000   0.00000
  -0.90000   0.00000
  -0.80000   0.00298
  -0.70000   0.02755
  -0.60000   0.08420
  -0.50000   0.12798
  -0.40000   0.13281
  -0.30000   0.13151
  -0.20000   0.12187
  -0.10000   0.10679
   0.00000   0.11572
   0.10000   0.12450
   0.20000   0.10576
   0.30000   0.08440
   0.40000   0.07506
   0.50000   0.06418
   0.60000   0.05610
   0.70000   0.05140
   0.80000   0.04248
   0.90000   0.02863
   1.00000   0.01158
   1.10000   0.00164
   1.20000   0.00000
   1.30000   0.00000
   1.40000   0.00000
   1.50000   0.00000
   1.60000   0.00000
   1.70000   0.00000
   1.80000   0.00000
   1.90000   0.00000
   2.00000   0.00000
   2.10000   0.00000
   2.20000   0.00000
   2.30000   0.00000
   2.40000   0.00000
   2.50000   0.00000
   2.60000   0.00000
   2.70000   0.00000
   2.80000   0.00000
   2.90000   0.00000
   3.00000   0.00000
