 1,3-cyclohexadiene sigma-profile (sigma [e/nm^2], p(sigma)*At [nm^2])
  -3.00000   0.00000
  -2.90000   0.00000
  -2.80000   0.00000
  -2.70000   0.00000
  -2.60000   0.00000
  -2.50000   0.00000
  -2.40000   0.00000
  -2.30000   0.00000
  -2.20000   0.00000
  -2.10000   0.00000
  -2.00000   0.00000
  -1.90000   0.00000
  -1.80000   0.00000
  -1.70000   0.00000
  -1.60000   0.00000
  -1.50000   0.00000
  -1.40000   0.00000
  -1.30000   0.00000
  -1.20000   0.00000
  -1.10000   0.00000
  -1.00000   0.00000
  -0.90000   0.00000
  -0.80000   0.00365
  -0.70000   0.02342
  -0.60000   0.06129
  -0.50000   0.09610
  -0.40000   0.10986
  -0.30000   0.11040
  -0.20000   0.11224
  -0.10000   0.11546
   0.00000   0.11960
   0.10000   0.10999
   0.20000   0.08017
   0.30000   0.05951
   0.40000   0.05420
   0.50000   0.05419
   0.60000   0.05548
   0.70000   0.04906
   0.80000   0.03638
   0.90000   0.01982
   1.00000   0.00598
   1.10000   0.00089
   1.20000   0.00000
   1.30000   0.00000
   1.40000   0.00000
   1.50000   0.00000
   1.60000   0.00000
   1.70000   0.00000
   1.80000   0.00000
   1.90000   0.00000
   2.00000   0.00000
   2.10000   0.00000
   2.20000   0.00000
   2.30000   0.00000
   2.40000   0.00000
   2.50000   0.00000
   2.60000   0.00000
   2.70000   0.00000
   2.80000   0.00000
   2.90000   0.00000
   3.00000   0.00000
