 1-heptene sigma-profile (sigma [e/nm^2], p(sigma)*At [nm^2])
  -3.00000   0.00000
  -2.90000   0.00000
  -2.80000   0.00000
  -2.70000   0.00000
  -2.60000   0.00000
  -2.50000   0.00000
  -2.40000   0.00000
  -2.30000   0.00000
  -2.20000   0.00000
  -2.10000   0.00000
  -2.00000   0.00000
  -1.90000   0.00000
  -1.80000   0.00000
  -1.70000   0.00000
  -1.60000   0.00000
  -1.50000   0.00000
  -1.40000   0.00000
  -1.30000   0.00000
  -1.20000   0.00000
  -1.10000   0.00000
  -1.00000   0.00000
  -0.90000   0.00000
  -0.80000   0.00053
  -0.70000   0.01040
  -0.60000   0.03360
  -0.50000   0.07186
  -0.40000   0.13452
  -0.30000   0.18402
  -0.20000   0.19310
  -0.10000   0.19226
   0.00000   0.18944
   0.10000   0.18425
   0.20000   0.17864
   0.30000   0.14480
   0.40000   0.08126
   0.50000   0.03934
   0.60000   0.03119
   0.70000   0.02702
   0.80000   0.02181
   0.90000   0.01715
   1.00000   0.00862
   1.10000   0.00160
   1.20000   0.00000
   1.30000   0.00000
   1.40000   0.00000
   1.50000   0.00000
   1.60000   0.00000
   1.70000   0.00000
   1.80000   0.00000
   1.90000   0.00000
   2.00000   0.00000
   2.10000   0.00000
   2.20000   0.00000
   2.30000   0.00000
   2.40000   0.00000
   2.50000   0.00000
   2.60000   0.00000
   2.70000   0.00000
   2.80000   0.00000
   2.90000   0.00000
   3.00000   0.00000
