 1,4-hexadiene sigma-profile (sigma [e/nm^2], p(sigma)*At [nm^2])
  -3.00000   0.00000
  -2.90000   0.00000
  -2.80000   0.00000
  -2.70000   0.00000
  -2.60000   0.00000
  -2.50000   0.00000
  -2.40000   0.00000
  -2.30000   0.00000
  -2.20000   0.00000
  -2.10000   0.00000
  -2.00000   0.00000
  -1.90000   0.00000
  -1.80000   0.00000
  -1.70000   0.00000
  -1.60000   0.00000
  -1.50000   0.00000
  -1.40000   0.00000
  -1.30000   0.00000
  -1.20000   0.00000
  -1.10000   0.00000
  -1.00000   0.00000
  -0.90000   0.00000
  -0.80000   0.00493
  -0.70000   0.02989
  -0.60000   0.08021
  -0.50000   0.12029
  -0.40000   0.12135
  -0.30000   0.11206
  -0.20000   0.11211
  -0.10000   0.11924
   0.00000   0.13658
   0.10000   0.14326
   0.20000   0.11937
   0.30000   0.08176
   0.40000   0.06245
   0.50000   0.06058
   0.60000   0.05373
   0.70000   0.04360
   0.80000   0.03841
   0.90000   0.02843
   1.00000   0.01121
   1.10000   0.00124
   1.20000   0.00000
   1.30000   0.00000
   1.40000   0.00000
   1.50000   0.00000
   1.60000   0.00000
   1.70000   0.00000
   1.80000   0.00000
   1.90000   0.00000
   2.00000   0.00000
   2.10000   0.00000
   2.20000   0.00000
   2.30000   0.00000
   2.40000   0.00000
   2.50000   0.00000
   2.60000   0.00000
   2.70000   0.00000
   2.80000   0.00000
   2.90000   0.00000
   3.00000   0.00000
