 ch2fcl sigma-profile (sigma [e/nm^2], p(sigma)*At [nm^2])
  -3.00000   0.00000
  -2.90000   0.00000
  -2.80000   0.00000
  -2.70000   0.00000
  -2.60000   0.00000
  -2.50000   0.00000
  -2.40000   0.00000
  -2.30000   0.00000
  -2.20000   0.00000
  -2.10000   0.00000
  -2.00000   0.00000
  -1.90000   0.00000
  -1.80000   0.00000
  -1.70000   0.00000
  -1.60000   0.00000
  -1.50000   0.00000
  -1.40000   0.00000
  -1.30000   0.00000
  -1.20000   0.00872
  -1.10000   0.03069
  -1.00000   0.04233
  -0.90000   0.03500
  -0.80000   0.03017
  -0.70000   0.03271
  -0.60000   0.03218
  -0.50000   0.02592
  -0.40000   0.02209
  -0.30000   0.02264
  -0.20000   0.02598
  -0.10000   0.02862
   0.00000   0.02599
   0.10000   0.03522
   0.20000   0.05149
   0.30000   0.05555
   0.40000   0.08511
   0.50000   0.13132
   0.60000   0.10736
   0.70000   0.03562
   0.80000   0.00189
   0.90000   0.00000
   1.00000   0.00000
   1.10000   0.00000
   1.20000   0.00000
   1.30000   0.00000
   1.40000   0.00000
   1.50000   0.00000
   1.60000   0.00000
   1.70000   0.00000
   1.80000   0.00000
   1.90000   0.00000
   2.00000   0.00000
   2.10000   0.00000
   2.20000   0.00000
   2.30000   0.00000
   2.40000   0.00000
   2.50000   0.00000
   2.60000   0.00000
   2.70000   0.00000
   2.80000   0.00000
   2.90000   0.00000
   3.00000   0.00000
