 2-hydroxy-2-methylpropanoicacid sigma-profile (sigma [e/nm^2], p(sigma)*At [nm^2])
  -3.00000   0.00000
  -2.90000   0.00000
  -2.80000   0.00000
  -2.70000   0.00000
  -2.60000   0.00000
  -2.50000   0.00000
  -2.40000   0.00000
  -2.30000   0.00000
  -2.20000   0.00000
  -2.10000   0.00017
  -2.00000   0.00231
  -1.90000   0.00675
  -1.80000   0.00963
  -1.70000   0.01161
  -1.60000   0.01534
  -1.50000   0.01544
  -1.40000   0.01139
  -1.30000   0.01028
  -1.20000   0.01293
  -1.10000   0.01518
  -1.00000   0.01358
  -0.90000   0.01337
  -0.80000   0.02743
  -0.70000   0.05825
  -0.60000   0.08746
  -0.50000   0.09706
  -0.40000   0.08539
  -0.30000   0.06872
  -0.20000   0.07251
  -0.10000   0.09383
   0.00000   0.09669
   0.10000   0.06678
   0.20000   0.03679
   0.30000   0.02461
   0.40000   0.01890
   0.50000   0.01869
   0.60000   0.02411
   0.70000   0.02913
   0.80000   0.03305
   0.90000   0.03888
   1.00000   0.04269
   1.10000   0.04526
   1.20000   0.04860
   1.30000   0.04355
   1.40000   0.03111
   1.50000   0.01886
   1.60000   0.00871
   1.70000   0.00234
   1.80000   0.00016
   1.90000   0.00000
   2.00000   0.00000
   2.10000   0.00000
   2.20000   0.00000
   2.30000   0.00000
   2.40000   0.00000
   2.50000   0.00000
   2.60000   0.00000
   2.70000   0.00000
   2.80000   0.00000
   2.90000   0.00000
   3.00000   0.00000
