 2-methyl-2-butanamine sigma-profile (sigma [e/nm^2], p(sigma)*At [nm^2])
  -3.00000   0.00000
  -2.90000   0.00000
  -2.80000   0.00000
  -2.70000   0.00000
  -2.60000   0.00000
  -2.50000   0.00000
  -2.40000   0.00000
  -2.30000   0.00000
  -2.20000   0.00000
  -2.10000   0.00000
  -2.00000   0.00000
  -1.90000   0.00000
  -1.80000   0.00000
  -1.70000   0.00000
  -1.60000   0.00000
  -1.50000   0.00000
  -1.40000   0.00000
  -1.30000   0.00058
  -1.20000   0.00526
  -1.10000   0.01385
  -1.00000   0.01905
  -0.90000   0.01716
  -0.80000   0.01542
  -0.70000   0.01796
  -0.60000   0.02858
  -0.50000   0.07028
  -0.40000   0.13042
  -0.30000   0.14885
  -0.20000   0.13765
  -0.10000   0.12572
   0.00000   0.11005
   0.10000   0.12951
   0.20000   0.16412
   0.30000   0.13394
   0.40000   0.05398
   0.50000   0.01182
   0.60000   0.00894
   0.70000   0.00584
   0.80000   0.00560
   0.90000   0.00735
   1.00000   0.00536
   1.10000   0.00285
   1.20000   0.00398
   1.30000   0.00636
   1.40000   0.00612
   1.50000   0.00480
   1.60000   0.00556
   1.70000   0.00575
   1.80000   0.00448
   1.90000   0.00424
   2.00000   0.00480
   2.10000   0.00539
   2.20000   0.00481
   2.30000   0.00368
   2.40000   0.00445
   2.50000   0.00406
   2.60000   0.00144
   2.70000   0.00010
   2.80000   0.00000
   2.90000   0.00000
   3.00000   0.00000
