 3-methyl-1-butyne sigma-profile (sigma [e/nm^2], p(sigma)*At [nm^2])
  -3.00000   0.00000
  -2.90000   0.00000
  -2.80000   0.00000
  -2.70000   0.00000
  -2.60000   0.00000
  -2.50000   0.00000
  -2.40000   0.00000
  -2.30000   0.00000
  -2.20000   0.00000
  -2.10000   0.00000
  -2.00000   0.00000
  -1.90000   0.00000
  -1.80000   0.00000
  -1.70000   0.00000
  -1.60000   0.00000
  -1.50000   0.00008
  -1.40000   0.00276
  -1.30000   0.00780
  -1.20000   0.01092
  -1.10000   0.00987
  -1.00000   0.00741
  -0.90000   0.00849
  -0.80000   0.00952
  -0.70000   0.01600
  -0.60000   0.04825
  -0.50000   0.09388
  -0.40000   0.11011
  -0.30000   0.10719
  -0.20000   0.10502
  -0.10000   0.08876
   0.00000   0.08647
   0.10000   0.11645
   0.20000   0.11446
   0.30000   0.05723
   0.40000   0.03106
   0.50000   0.04763
   0.60000   0.04018
   0.70000   0.03481
   0.80000   0.05619
   0.90000   0.05220
   1.00000   0.02162
   1.10000   0.00360
   1.20000   0.00000
   1.30000   0.00000
   1.40000   0.00000
   1.50000   0.00000
   1.60000   0.00000
   1.70000   0.00000
   1.80000   0.00000
   1.90000   0.00000
   2.00000   0.00000
   2.10000   0.00000
   2.20000   0.00000
   2.30000   0.00000
   2.40000   0.00000
   2.50000   0.00000
   2.60000   0.00000
   2.70000   0.00000
   2.80000   0.00000
   2.90000   0.00000
   3.00000   0.00000
