 3-methyl-2-butanol sigma-profile (sigma [e/nm^2], p(sigma)*At [nm^2])
  -3.00000   0.00000
  -2.90000   0.00000
  -2.80000   0.00000
  -2.70000   0.00000
  -2.60000   0.00000
  -2.50000   0.00000
  -2.40000   0.00000
  -2.30000   0.00000
  -2.20000   0.00000
  -2.10000   0.00000
  -2.00000   0.00000
  -1.90000   0.00000
  -1.80000   0.00091
  -1.70000   0.00340
  -1.60000   0.00622
  -1.50000   0.00733
  -1.40000   0.00669
  -1.30000   0.00640
  -1.20000   0.00658
  -1.10000   0.00590
  -1.00000   0.00460
  -0.90000   0.00400
  -0.80000   0.00617
  -0.70000   0.01117
  -0.60000   0.02791
  -0.50000   0.07657
  -0.40000   0.13366
  -0.30000   0.15015
  -0.20000   0.13987
  -0.10000   0.12679
   0.00000   0.12564
   0.10000   0.14921
   0.20000   0.14473
   0.30000   0.08585
   0.40000   0.02844
   0.50000   0.00988
   0.60000   0.01089
   0.70000   0.00991
   0.80000   0.00763
   0.90000   0.00664
   1.00000   0.00561
   1.10000   0.00749
   1.20000   0.01360
   1.30000   0.01489
   1.40000   0.01007
   1.50000   0.01082
   1.60000   0.01771
   1.70000   0.01813
   1.80000   0.01037
   1.90000   0.00308
   2.00000   0.00029
   2.10000   0.00000
   2.20000   0.00000
   2.30000   0.00000
   2.40000   0.00000
   2.50000   0.00000
   2.60000   0.00000
   2.70000   0.00000
   2.80000   0.00000
   2.90000   0.00000
   3.00000   0.00000
