 1,1'-sulfonylbisbutane sigma-profile (sigma [e/nm^2], p(sigma)*At [nm^2])
  -3.00000   0.00000
  -2.90000   0.00000
  -2.80000   0.00000
  -2.70000   0.00000
  -2.60000   0.00000
  -2.50000   0.00000
  -2.40000   0.00000
  -2.30000   0.00000
  -2.20000   0.00000
  -2.10000   0.00000
  -2.00000   0.00000
  -1.90000   0.00000
  -1.80000   0.00000
  -1.70000   0.00000
  -1.60000   0.00000
  -1.50000   0.00000
  -1.40000   0.00000
  -1.30000   0.00000
  -1.20000   0.00003
  -1.10000   0.01191
  -1.00000   0.04358
  -0.90000   0.06443
  -0.80000   0.05618
  -0.70000   0.04886
  -0.60000   0.07717
  -0.50000   0.15989
  -0.40000   0.24032
  -0.30000   0.24233
  -0.20000   0.20890
  -0.10000   0.18798
   0.00000   0.18107
   0.10000   0.18594
   0.20000   0.15759
   0.30000   0.08552
   0.40000   0.02442
   0.50000   0.00693
   0.60000   0.01293
   0.70000   0.01949
   0.80000   0.02085
   0.90000   0.01803
   1.00000   0.02312
   1.10000   0.04480
   1.20000   0.07193
   1.30000   0.08542
   1.40000   0.06667
   1.50000   0.02589
   1.60000   0.00266
   1.70000   0.00000
   1.80000   0.00000
   1.90000   0.00000
   2.00000   0.00000
   2.10000   0.00000
   2.20000   0.00000
   2.30000   0.00000
   2.40000   0.00000
   2.50000   0.00000
   2.60000   0.00000
   2.70000   0.00000
   2.80000   0.00000
   2.90000   0.00000
   3.00000   0.00000
