 methylurea sigma-profile (sigma [e/nm^2], p(sigma)*At [nm^2])
  -3.00000   0.00000
  -2.90000   0.00000
  -2.80000   0.00000
  -2.70000   0.00000
  -2.60000   0.00000
  -2.50000   0.00000
  -2.40000   0.00000
  -2.30000   0.00000
  -2.20000   0.00000
  -2.10000   0.00000
  -2.00000   0.00000
  -1.90000   0.00053
  -1.80000   0.00438
  -1.70000   0.01246
  -1.60000   0.02313
  -1.50000   0.03093
  -1.40000   0.03103
  -1.30000   0.02738
  -1.20000   0.02389
  -1.10000   0.02136
  -1.00000   0.01859
  -0.90000   0.01752
  -0.80000   0.02169
  -0.70000   0.03266
  -0.60000   0.04718
  -0.50000   0.05487
  -0.40000   0.05274
  -0.30000   0.04965
  -0.20000   0.05604
  -0.10000   0.06906
   0.00000   0.06995
   0.10000   0.05400
   0.20000   0.03869
   0.30000   0.02952
   0.40000   0.02172
   0.50000   0.01854
   0.60000   0.02020
   0.70000   0.02186
   0.80000   0.02134
   0.90000   0.01679
   1.00000   0.01145
   1.10000   0.01378
   1.20000   0.01795
   1.30000   0.01378
   1.40000   0.01155
   1.50000   0.02402
   1.60000   0.03980
   1.70000   0.03919
   1.80000   0.02546
   1.90000   0.01260
   2.00000   0.00464
   2.10000   0.00092
   2.20000   0.00000
   2.30000   0.00000
   2.40000   0.00000
   2.50000   0.00000
   2.60000   0.00000
   2.70000   0.00000
   2.80000   0.00000
   2.90000   0.00000
   3.00000   0.00000
