 4-(1-methyl-1-phenylethyl)-phenol sigma-profile (sigma [e/nm^2], p(sigma)*At [nm^2])
  -3.00000   0.00000
  -2.90000   0.00000
  -2.80000   0.00000
  -2.70000   0.00000
  -2.60000   0.00000
  -2.50000   0.00000
  -2.40000   0.00000
  -2.30000   0.00000
  -2.20000   0.00000
  -2.10000   0.00060
  -2.00000   0.00389
  -1.90000   0.00977
  -1.80000   0.01154
  -1.70000   0.00849
  -1.60000   0.00825
  -1.50000   0.00899
  -1.40000   0.00648
  -1.30000   0.00460
  -1.20000   0.00529
  -1.10000   0.00672
  -1.00000   0.00787
  -0.90000   0.01263
  -0.80000   0.03922
  -0.70000   0.08563
  -0.60000   0.12388
  -0.50000   0.15249
  -0.40000   0.17192
  -0.30000   0.17259
  -0.20000   0.15965
  -0.10000   0.14343
   0.00000   0.14585
   0.10000   0.16411
   0.20000   0.17420
   0.30000   0.17230
   0.40000   0.17015
   0.50000   0.18370
   0.60000   0.16832
   0.70000   0.09376
   0.80000   0.02983
   0.90000   0.01177
   1.00000   0.01134
   1.10000   0.01528
   1.20000   0.01923
   1.30000   0.01593
   1.40000   0.00662
   1.50000   0.00072
   1.60000   0.00000
   1.70000   0.00000
   1.80000   0.00000
   1.90000   0.00000
   2.00000   0.00000
   2.10000   0.00000
   2.20000   0.00000
   2.30000   0.00000
   2.40000   0.00000
   2.50000   0.00000
   2.60000   0.00000
   2.70000   0.00000
   2.80000   0.00000
   2.90000   0.00000
   3.00000   0.00000
