 diethylether sigma-profile (sigma [e/nm^2], p(sigma)*At [nm^2])
  -3.00000   0.00000
  -2.90000   0.00000
  -2.80000   0.00000
  -2.70000   0.00000
  -2.60000   0.00000
  -2.50000   0.00000
  -2.40000   0.00000
  -2.30000   0.00000
  -2.20000   0.00000
  -2.10000   0.00000
  -2.00000   0.00000
  -1.90000   0.00000
  -1.80000   0.00000
  -1.70000   0.00000
  -1.60000   0.00000
  -1.50000   0.00000
  -1.40000   0.00000
  -1.30000   0.00000
  -1.20000   0.00000
  -1.10000   0.00000
  -1.00000   0.00000
  -0.90000   0.00000
  -0.80000   0.00000
  -0.70000   0.00275
  -0.60000   0.02717
  -0.50000   0.09023
  -0.40000   0.14949
  -0.30000   0.15937
  -0.20000   0.15056
  -0.10000   0.14872
   0.00000   0.14575
   0.10000   0.13827
   0.20000   0.10245
   0.30000   0.04619
   0.40000   0.01945
   0.50000   0.01869
   0.60000   0.01550
   0.70000   0.01058
   0.80000   0.00690
   0.90000   0.00353
   1.00000   0.00438
   1.10000   0.01022
   1.20000   0.01344
   1.30000   0.01018
   1.40000   0.00756
   1.50000   0.00952
   1.60000   0.01283
   1.70000   0.01250
   1.80000   0.00638
   1.90000   0.00110
   2.00000   0.00000
   2.10000   0.00000
   2.20000   0.00000
   2.30000   0.00000
   2.40000   0.00000
   2.50000   0.00000
   2.60000   0.00000
   2.70000   0.00000
   2.80000   0.00000
   2.90000   0.00000
   3.00000   0.00000
