 2-pentanol sigma-profile (sigma [e/nm^2], p(sigma)*At [nm^2])
  -3.00000   0.00000
  -2.90000   0.00000
  -2.80000   0.00000
  -2.70000   0.00000
  -2.60000   0.00000
  -2.50000   0.00000
  -2.40000   0.00000
  -2.30000   0.00000
  -2.20000   0.00000
  -2.10000   0.00000
  -2.00000   0.00000
  -1.90000   0.00000
  -1.80000   0.00088
  -1.70000   0.00379
  -1.60000   0.00680
  -1.50000   0.00694
  -1.40000   0.00621
  -1.30000   0.00711
  -1.20000   0.00730
  -1.10000   0.00564
  -1.00000   0.00487
  -0.90000   0.00565
  -0.80000   0.00612
  -0.70000   0.00784
  -0.60000   0.02246
  -0.50000   0.07363
  -0.40000   0.13798
  -0.30000   0.15846
  -0.20000   0.15217
  -0.10000   0.14552
   0.00000   0.13673
   0.10000   0.14443
   0.20000   0.14097
   0.30000   0.08928
   0.40000   0.03279
   0.50000   0.01291
   0.60000   0.01123
   0.70000   0.01086
   0.80000   0.00955
   0.90000   0.00614
   1.00000   0.00388
   1.10000   0.00742
   1.20000   0.01448
   1.30000   0.01453
   1.40000   0.00949
   1.50000   0.01115
   1.60000   0.01759
   1.70000   0.01805
   1.80000   0.01096
   1.90000   0.00343
   2.00000   0.00034
   2.10000   0.00000
   2.20000   0.00000
   2.30000   0.00000
   2.40000   0.00000
   2.50000   0.00000
   2.60000   0.00000
   2.70000   0.00000
   2.80000   0.00000
   2.90000   0.00000
   3.00000   0.00000
