 2-hydroxyhexanoicacid sigma-profile (sigma [e/nm^2], p(sigma)*At [nm^2])
  -3.00000   0.00000
  -2.90000   0.00000
  -2.80000   0.00000
  -2.70000   0.00000
  -2.60000   0.00000
  -2.50000   0.00000
  -2.40000   0.00000
  -2.30000   0.00000
  -2.20000   0.00000
  -2.10000   0.00015
  -2.00000   0.00387
  -1.90000   0.01089
  -1.80000   0.01426
  -1.70000   0.01407
  -1.60000   0.01472
  -1.50000   0.01499
  -1.40000   0.01324
  -1.30000   0.01163
  -1.20000   0.01256
  -1.10000   0.01686
  -1.00000   0.02495
  -0.90000   0.03064
  -0.80000   0.02790
  -0.70000   0.02799
  -0.60000   0.03970
  -0.50000   0.07368
  -0.40000   0.12547
  -0.30000   0.14888
  -0.20000   0.13891
  -0.10000   0.13141
   0.00000   0.12871
   0.10000   0.12641
   0.20000   0.12414
   0.30000   0.09437
   0.40000   0.04319
   0.50000   0.01727
   0.60000   0.02108
   0.70000   0.03152
   0.80000   0.03286
   0.90000   0.03337
   1.00000   0.04125
   1.10000   0.04753
   1.20000   0.04960
   1.30000   0.04219
   1.40000   0.02969
   1.50000   0.01958
   1.60000   0.00998
   1.70000   0.00277
   1.80000   0.00016
   1.90000   0.00000
   2.00000   0.00000
   2.10000   0.00000
   2.20000   0.00000
   2.30000   0.00000
   2.40000   0.00000
   2.50000   0.00000
   2.60000   0.00000
   2.70000   0.00000
   2.80000   0.00000
   2.90000   0.00000
   3.00000   0.00000
