 2-vinyltoluene sigma-profile (sigma [e/nm^2], p(sigma)*At [nm^2])
  -3.00000   0.00000
  -2.90000   0.00000
  -2.80000   0.00000
  -2.70000   0.00000
  -2.60000   0.00000
  -2.50000   0.00000
  -2.40000   0.00000
  -2.30000   0.00000
  -2.20000   0.00000
  -2.10000   0.00000
  -2.00000   0.00000
  -1.90000   0.00000
  -1.80000   0.00000
  -1.70000   0.00000
  -1.60000   0.00000
  -1.50000   0.00000
  -1.40000   0.00000
  -1.30000   0.00000
  -1.20000   0.00000
  -1.10000   0.00000
  -1.00000   0.00000
  -0.90000   0.00289
  -0.80000   0.02680
  -0.70000   0.07791
  -0.60000   0.11557
  -0.50000   0.11763
  -0.40000   0.11195
  -0.30000   0.10792
  -0.20000   0.10014
  -0.10000   0.10816
   0.00000   0.13159
   0.10000   0.13035
   0.20000   0.11332
   0.30000   0.11584
   0.40000   0.12765
   0.50000   0.13475
   0.60000   0.11057
   0.70000   0.05673
   0.80000   0.01901
   0.90000   0.00474
   1.00000   0.00031
   1.10000   0.00000
   1.20000   0.00000
   1.30000   0.00000
   1.40000   0.00000
   1.50000   0.00000
   1.60000   0.00000
   1.70000   0.00000
   1.80000   0.00000
   1.90000   0.00000
   2.00000   0.00000
   2.10000   0.00000
   2.20000   0.00000
   2.30000   0.00000
   2.40000   0.00000
   2.50000   0.00000
   2.60000   0.00000
   2.70000   0.00000
   2.80000   0.00000
   2.90000   0.00000
   3.00000   0.00000
