 8-methylquinoline sigma-profile (sigma [e/nm^2], p(sigma)*At [nm^2])
  -3.00000   0.00000
  -2.90000   0.00000
  -2.80000   0.00000
  -2.70000   0.00000
  -2.60000   0.00000
  -2.50000   0.00000
  -2.40000   0.00000
  -2.30000   0.00000
  -2.20000   0.00000
  -2.10000   0.00000
  -2.00000   0.00000
  -1.90000   0.00000
  -1.80000   0.00000
  -1.70000   0.00000
  -1.60000   0.00000
  -1.50000   0.00000
  -1.40000   0.00000
  -1.30000   0.00000
  -1.20000   0.00000
  -1.10000   0.00000
  -1.00000   0.00166
  -0.90000   0.01771
  -0.80000   0.05662
  -0.70000   0.09065
  -0.60000   0.10445
  -0.50000   0.11371
  -0.40000   0.11064
  -0.30000   0.09840
  -0.20000   0.09568
  -0.10000   0.10287
   0.00000   0.12867
   0.10000   0.17858
   0.20000   0.20799
   0.30000   0.17757
   0.40000   0.12461
   0.50000   0.07807
   0.60000   0.03560
   0.70000   0.01233
   0.80000   0.00993
   0.90000   0.01232
   1.00000   0.00973
   1.10000   0.00641
   1.20000   0.00703
   1.30000   0.00725
   1.40000   0.00743
   1.50000   0.00789
   1.60000   0.00512
   1.70000   0.00332
   1.80000   0.00542
   1.90000   0.00599
   2.00000   0.00287
   2.10000   0.00040
   2.20000   0.00000
   2.30000   0.00000
   2.40000   0.00000
   2.50000   0.00000
   2.60000   0.00000
   2.70000   0.00000
   2.80000   0.00000
   2.90000   0.00000
   3.00000   0.00000
