 di-tert-butylether sigma-profile (sigma [e/nm^2], p(sigma)*At [nm^2])
  -3.00000   0.00000
  -2.90000   0.00000
  -2.80000   0.00000
  -2.70000   0.00000
  -2.60000   0.00000
  -2.50000   0.00000
  -2.40000   0.00000
  -2.30000   0.00000
  -2.20000   0.00000
  -2.10000   0.00000
  -2.00000   0.00000
  -1.90000   0.00000
  -1.80000   0.00000
  -1.70000   0.00000
  -1.60000   0.00000
  -1.50000   0.00000
  -1.40000   0.00000
  -1.30000   0.00000
  -1.20000   0.00000
  -1.10000   0.00000
  -1.00000   0.00000
  -0.90000   0.00000
  -0.80000   0.00021
  -0.70000   0.00518
  -0.60000   0.03895
  -0.50000   0.11901
  -0.40000   0.19308
  -0.30000   0.20345
  -0.20000   0.18721
  -0.10000   0.16521
   0.00000   0.15288
   0.10000   0.20858
   0.20000   0.25422
   0.30000   0.18074
   0.40000   0.06233
   0.50000   0.01041
   0.60000   0.00901
   0.70000   0.01027
   0.80000   0.00835
   0.90000   0.00773
   1.00000   0.00723
   1.10000   0.00517
   1.20000   0.00586
   1.30000   0.00739
   1.40000   0.00741
   1.50000   0.00739
   1.60000   0.00765
   1.70000   0.00806
   1.80000   0.00693
   1.90000   0.00325
   2.00000   0.00050
   2.10000   0.00000
   2.20000   0.00000
   2.30000   0.00000
   2.40000   0.00000
   2.50000   0.00000
   2.60000   0.00000
   2.70000   0.00000
   2.80000   0.00000
   2.90000   0.00000
   3.00000   0.00000
