 2-methylthiaindan sigma-profile (sigma [e/nm^2], p(sigma)*At [nm^2])
  -3.00000   0.00000
  -2.90000   0.00000
  -2.80000   0.00000
  -2.70000   0.00000
  -2.60000   0.00000
  -2.50000   0.00000
  -2.40000   0.00000
  -2.30000   0.00000
  -2.20000   0.00000
  -2.10000   0.00000
  -2.00000   0.00000
  -1.90000   0.00000
  -1.80000   0.00000
  -1.70000   0.00000
  -1.60000   0.00000
  -1.50000   0.00000
  -1.40000   0.00000
  -1.30000   0.00000
  -1.20000   0.00000
  -1.10000   0.00000
  -1.00000   0.00000
  -0.90000   0.00335
  -0.80000   0.02497
  -0.70000   0.07438
  -0.60000   0.12147
  -0.50000   0.13921
  -0.40000   0.14420
  -0.30000   0.14135
  -0.20000   0.12877
  -0.10000   0.12697
   0.00000   0.13361
   0.10000   0.12095
   0.20000   0.09976
   0.30000   0.10383
   0.40000   0.12494
   0.50000   0.13409
   0.60000   0.10627
   0.70000   0.05523
   0.80000   0.02658
   0.90000   0.02182
   1.00000   0.01781
   1.10000   0.00989
   1.20000   0.00294
   1.30000   0.00025
   1.40000   0.00000
   1.50000   0.00000
   1.60000   0.00000
   1.70000   0.00000
   1.80000   0.00000
   1.90000   0.00000
   2.00000   0.00000
   2.10000   0.00000
   2.20000   0.00000
   2.30000   0.00000
   2.40000   0.00000
   2.50000   0.00000
   2.60000   0.00000
   2.70000   0.00000
   2.80000   0.00000
   2.90000   0.00000
   3.00000   0.00000
