 trans-cyclohexane-1,4-dicarboxylicacid sigma-profile (sigma [e/nm^2], p(sigma)*At [nm^2])
  -3.00000   0.00000
  -2.90000   0.00000
  -2.80000   0.00000
  -2.70000   0.00000
  -2.60000   0.00000
  -2.50000   0.00000
  -2.40000   0.00000
  -2.30000   0.00000
  -2.20000   0.00000
  -2.10000   0.00161
  -2.00000   0.01096
  -1.90000   0.02247
  -1.80000   0.02368
  -1.70000   0.02119
  -1.60000   0.01768
  -1.50000   0.01023
  -1.40000   0.00811
  -1.30000   0.01173
  -1.20000   0.01125
  -1.10000   0.00703
  -1.00000   0.00793
  -0.90000   0.01225
  -0.80000   0.01692
  -0.70000   0.03691
  -0.60000   0.09506
  -0.50000   0.16534
  -0.40000   0.18951
  -0.30000   0.17593
  -0.20000   0.15895
  -0.10000   0.13185
   0.00000   0.09273
   0.10000   0.06330
   0.20000   0.05292
   0.30000   0.05011
   0.40000   0.04083
   0.50000   0.03288
   0.60000   0.03876
   0.70000   0.04478
   0.80000   0.03852
   0.90000   0.03914
   1.00000   0.05700
   1.10000   0.07240
   1.20000   0.07382
   1.30000   0.06137
   1.40000   0.04569
   1.50000   0.02777
   1.60000   0.00828
   1.70000   0.00028
   1.80000   0.00000
   1.90000   0.00000
   2.00000   0.00000
   2.10000   0.00000
   2.20000   0.00000
   2.30000   0.00000
   2.40000   0.00000
   2.50000   0.00000
   2.60000   0.00000
   2.70000   0.00000
   2.80000   0.00000
   2.90000   0.00000
   3.00000   0.00000
