 thiourea sigma-profile (sigma [e/nm^2], p(sigma)*At [nm^2])
  -3.00000   0.00000
  -2.90000   0.00000
  -2.80000   0.00000
  -2.70000   0.00000
  -2.60000   0.00000
  -2.50000   0.00000
  -2.40000   0.00000
  -2.30000   0.00000
  -2.20000   0.00000
  -2.10000   0.00032
  -2.00000   0.00384
  -1.90000   0.00996
  -1.80000   0.01682
  -1.70000   0.03107
  -1.60000   0.04500
  -1.50000   0.04414
  -1.40000   0.03537
  -1.30000   0.02985
  -1.20000   0.02898
  -1.10000   0.02745
  -1.00000   0.02284
  -0.90000   0.01773
  -0.80000   0.01540
  -0.70000   0.01909
  -0.60000   0.02355
  -0.50000   0.02151
  -0.40000   0.01551
  -0.30000   0.01202
  -0.20000   0.01454
  -0.10000   0.01767
   0.00000   0.02099
   0.10000   0.02836
   0.20000   0.03517
   0.30000   0.04095
   0.40000   0.05018
   0.50000   0.05466
   0.60000   0.04034
   0.70000   0.02337
   0.80000   0.02422
   0.90000   0.02787
   1.00000   0.02655
   1.10000   0.03286
   1.20000   0.04704
   1.30000   0.06036
   1.40000   0.05498
   1.50000   0.03179
   1.60000   0.01375
   1.70000   0.00404
   1.80000   0.00000
   1.90000   0.00000
   2.00000   0.00000
   2.10000   0.00000
   2.20000   0.00000
   2.30000   0.00000
   2.40000   0.00000
   2.50000   0.00000
   2.60000   0.00000
   2.70000   0.00000
   2.80000   0.00000
   2.90000   0.00000
   3.00000   0.00000
