 aniline sigma-profile (sigma [e/nm^2], p(sigma)*At [nm^2])
  -3.00000   0.00000
  -2.90000   0.00000
  -2.80000   0.00000
  -2.70000   0.00000
  -2.60000   0.00000
  -2.50000   0.00000
  -2.40000   0.00000
  -2.30000   0.00000
  -2.20000   0.00000
  -2.10000   0.00000
  -2.00000   0.00000
  -1.90000   0.00000
  -1.80000   0.00000
  -1.70000   0.00000
  -1.60000   0.00115
  -1.50000   0.00818
  -1.40000   0.01937
  -1.30000   0.02421
  -1.20000   0.02120
  -1.10000   0.01836
  -1.00000   0.01824
  -0.90000   0.01946
  -0.80000   0.03336
  -0.70000   0.06110
  -0.60000   0.07609
  -0.50000   0.06880
  -0.40000   0.06303
  -0.30000   0.06572
  -0.20000   0.06325
  -0.10000   0.05894
   0.00000   0.05966
   0.10000   0.06198
   0.20000   0.05967
   0.30000   0.06430
   0.40000   0.08292
   0.50000   0.09651
   0.60000   0.10384
   0.70000   0.09509
   0.80000   0.05467
   0.90000   0.01700
   1.00000   0.00646
   1.10000   0.00672
   1.20000   0.00587
   1.30000   0.00541
   1.40000   0.00663
   1.50000   0.00646
   1.60000   0.00488
   1.70000   0.00266
   1.80000   0.00062
   1.90000   0.00000
   2.00000   0.00000
   2.10000   0.00000
   2.20000   0.00000
   2.30000   0.00000
   2.40000   0.00000
   2.50000   0.00000
   2.60000   0.00000
   2.70000   0.00000
   2.80000   0.00000
   2.90000   0.00000
   3.00000   0.00000
