 5-methylfurfural sigma-profile (sigma [e/nm^2], p(sigma)*At [nm^2])
  -3.00000   0.00000
  -2.90000   0.00000
  -2.80000   0.00000
  -2.70000   0.00000
  -2.60000   0.00000
  -2.50000   0.00000
  -2.40000   0.00000
  -2.30000   0.00000
  -2.20000   0.00000
  -2.10000   0.00000
  -2.00000   0.00000
  -1.90000   0.00000
  -1.80000   0.00000
  -1.70000   0.00000
  -1.60000   0.00000
  -1.50000   0.00000
  -1.40000   0.00000
  -1.30000   0.00000
  -1.20000   0.00047
  -1.10000   0.00665
  -1.00000   0.01993
  -0.90000   0.03628
  -0.80000   0.06486
  -0.70000   0.08919
  -0.60000   0.08602
  -0.50000   0.08070
  -0.40000   0.08818
  -0.30000   0.11294
  -0.20000   0.14237
  -0.10000   0.13359
   0.00000   0.09656
   0.10000   0.07305
   0.20000   0.07097
   0.30000   0.06499
   0.40000   0.03920
   0.50000   0.01770
   0.60000   0.01523
   0.70000   0.01768
   0.80000   0.01726
   0.90000   0.01714
   1.00000   0.01921
   1.10000   0.02407
   1.20000   0.03266
   1.30000   0.03496
   1.40000   0.02739
   1.50000   0.02226
   1.60000   0.01909
   1.70000   0.01189
   1.80000   0.00424
   1.90000   0.00052
   2.00000   0.00000
   2.10000   0.00000
   2.20000   0.00000
   2.30000   0.00000
   2.40000   0.00000
   2.50000   0.00000
   2.60000   0.00000
   2.70000   0.00000
   2.80000   0.00000
   2.90000   0.00000
   3.00000   0.00000
