 m-ethylphenol sigma-profile (sigma [e/nm^2], p(sigma)*At [nm^2])
  -3.00000   0.00000
  -2.90000   0.00000
  -2.80000   0.00000
  -2.70000   0.00000
  -2.60000   0.00000
  -2.50000   0.00000
  -2.40000   0.00000
  -2.30000   0.00000
  -2.20000   0.00000
  -2.10000   0.00056
  -2.00000   0.00376
  -1.90000   0.00927
  -1.80000   0.01153
  -1.70000   0.00921
  -1.60000   0.00781
  -1.50000   0.00810
  -1.40000   0.00761
  -1.30000   0.00624
  -1.20000   0.00480
  -1.10000   0.00618
  -1.00000   0.00817
  -0.90000   0.01113
  -0.80000   0.02399
  -0.70000   0.04305
  -0.60000   0.06296
  -0.50000   0.08902
  -0.40000   0.11027
  -0.30000   0.11213
  -0.20000   0.10772
  -0.10000   0.10925
   0.00000   0.11649
   0.10000   0.12528
   0.20000   0.12516
   0.30000   0.11305
   0.40000   0.09913
   0.50000   0.09660
   0.60000   0.09419
   0.70000   0.06782
   0.80000   0.02996
   0.90000   0.01086
   1.00000   0.01037
   1.10000   0.01530
   1.20000   0.01924
   1.30000   0.01610
   1.40000   0.00666
   1.50000   0.00066
   1.60000   0.00000
   1.70000   0.00000
   1.80000   0.00000
   1.90000   0.00000
   2.00000   0.00000
   2.10000   0.00000
   2.20000   0.00000
   2.30000   0.00000
   2.40000   0.00000
   2.50000   0.00000
   2.60000   0.00000
   2.70000   0.00000
   2.80000   0.00000
   2.90000   0.00000
   3.00000   0.00000
