 3-methylbenzaldehyde sigma-profile (sigma [e/nm^2], p(sigma)*At [nm^2])
  -3.00000   0.00000
  -2.90000   0.00000
  -2.80000   0.00000
  -2.70000   0.00000
  -2.60000   0.00000
  -2.50000   0.00000
  -2.40000   0.00000
  -2.30000   0.00000
  -2.20000   0.00000
  -2.10000   0.00000
  -2.00000   0.00000
  -1.90000   0.00000
  -1.80000   0.00000
  -1.70000   0.00000
  -1.60000   0.00000
  -1.50000   0.00000
  -1.40000   0.00000
  -1.30000   0.00000
  -1.20000   0.00000
  -1.10000   0.00000
  -1.00000   0.00082
  -0.90000   0.01401
  -0.80000   0.04990
  -0.70000   0.08917
  -0.60000   0.11107
  -0.50000   0.11430
  -0.40000   0.11178
  -0.30000   0.10921
  -0.20000   0.10398
  -0.10000   0.11022
   0.00000   0.12789
   0.10000   0.13672
   0.20000   0.13501
   0.30000   0.12650
   0.40000   0.08443
   0.50000   0.02918
   0.60000   0.01030
   0.70000   0.01089
   0.80000   0.01014
   0.90000   0.01279
   1.00000   0.01975
   1.10000   0.02827
   1.20000   0.03028
   1.30000   0.02544
   1.40000   0.02094
   1.50000   0.01511
   1.60000   0.00750
   1.70000   0.00221
   1.80000   0.00024
   1.90000   0.00000
   2.00000   0.00000
   2.10000   0.00000
   2.20000   0.00000
   2.30000   0.00000
   2.40000   0.00000
   2.50000   0.00000
   2.60000   0.00000
   2.70000   0.00000
   2.80000   0.00000
   2.90000   0.00000
   3.00000   0.00000
