 4-methylstyrene sigma-profile (sigma [e/nm^2], p(sigma)*At [nm^2])
  -3.00000   0.00000
  -2.90000   0.00000
  -2.80000   0.00000
  -2.70000   0.00000
  -2.60000   0.00000
  -2.50000   0.00000
  -2.40000   0.00000
  -2.30000   0.00000
  -2.20000   0.00000
  -2.10000   0.00000
  -2.00000   0.00000
  -1.90000   0.00000
  -1.80000   0.00000
  -1.70000   0.00000
  -1.60000   0.00000
  -1.50000   0.00000
  -1.40000   0.00000
  -1.30000   0.00000
  -1.20000   0.00000
  -1.10000   0.00000
  -1.00000   0.00020
  -0.90000   0.00528
  -0.80000   0.02923
  -0.70000   0.07600
  -0.60000   0.11210
  -0.50000   0.11993
  -0.40000   0.11824
  -0.30000   0.10837
  -0.20000   0.09683
  -0.10000   0.10664
   0.00000   0.13336
   0.10000   0.13999
   0.20000   0.12332
   0.30000   0.11985
   0.40000   0.13277
   0.50000   0.13773
   0.60000   0.10650
   0.70000   0.05131
   0.80000   0.01890
   0.90000   0.00706
   1.00000   0.00072
   1.10000   0.00000
   1.20000   0.00000
   1.30000   0.00000
   1.40000   0.00000
   1.50000   0.00000
   1.60000   0.00000
   1.70000   0.00000
   1.80000   0.00000
   1.90000   0.00000
   2.00000   0.00000
   2.10000   0.00000
   2.20000   0.00000
   2.30000   0.00000
   2.40000   0.00000
   2.50000   0.00000
   2.60000   0.00000
   2.70000   0.00000
   2.80000   0.00000
   2.90000   0.00000
   3.00000   0.00000
