 1,4-benzenedicarboxaldehyde sigma-profile (sigma [e/nm^2], p(sigma)*At [nm^2])
  -3.00000   0.00000
  -2.90000   0.00000
  -2.80000   0.00000
  -2.70000   0.00000
  -2.60000   0.00000
  -2.50000   0.00000
  -2.40000   0.00000
  -2.30000   0.00000
  -2.20000   0.00000
  -2.10000   0.00000
  -2.00000   0.00000
  -1.90000   0.00000
  -1.80000   0.00000
  -1.70000   0.00000
  -1.60000   0.00000
  -1.50000   0.00000
  -1.40000   0.00000
  -1.30000   0.00000
  -1.20000   0.00000
  -1.10000   0.00205
  -1.00000   0.02028
  -0.90000   0.06529
  -0.80000   0.10167
  -0.70000   0.10089
  -0.60000   0.09656
  -0.50000   0.10392
  -0.40000   0.09990
  -0.30000   0.09073
  -0.20000   0.09403
  -0.10000   0.11562
   0.00000   0.15079
   0.10000   0.14397
   0.20000   0.07715
   0.30000   0.02446
   0.40000   0.01796
   0.50000   0.02207
   0.60000   0.01935
   0.70000   0.02093
   0.80000   0.02982
   0.90000   0.03962
   1.00000   0.04838
   1.10000   0.05530
   1.20000   0.05299
   1.30000   0.04235
   1.40000   0.02962
   1.50000   0.01510
   1.60000   0.00426
   1.70000   0.00045
   1.80000   0.00000
   1.90000   0.00000
   2.00000   0.00000
   2.10000   0.00000
   2.20000   0.00000
   2.30000   0.00000
   2.40000   0.00000
   2.50000   0.00000
   2.60000   0.00000
   2.70000   0.00000
   2.80000   0.00000
   2.90000   0.00000
   3.00000   0.00000
