 dimethyldisulfide sigma-profile (sigma [e/nm^2], p(sigma)*At [nm^2])
  -3.00000   0.00000
  -2.90000   0.00000
  -2.80000   0.00000
  -2.70000   0.00000
  -2.60000   0.00000
  -2.50000   0.00000
  -2.40000   0.00000
  -2.30000   0.00000
  -2.20000   0.00000
  -2.10000   0.00000
  -2.00000   0.00000
  -1.90000   0.00000
  -1.80000   0.00000
  -1.70000   0.00000
  -1.60000   0.00000
  -1.50000   0.00000
  -1.40000   0.00000
  -1.30000   0.00000
  -1.20000   0.00000
  -1.10000   0.00000
  -1.00000   0.00026
  -0.90000   0.01096
  -0.80000   0.04341
  -0.70000   0.07627
  -0.60000   0.08341
  -0.50000   0.07601
  -0.40000   0.06856
  -0.30000   0.07415
  -0.20000   0.09774
  -0.10000   0.11236
   0.00000   0.10012
   0.10000   0.07600
   0.20000   0.06692
   0.30000   0.07191
   0.40000   0.06676
   0.50000   0.05883
   0.60000   0.05717
   0.70000   0.04656
   0.80000   0.03780
   0.90000   0.03671
   1.00000   0.02616
   1.10000   0.00956
   1.20000   0.00101
   1.30000   0.00000
   1.40000   0.00000
   1.50000   0.00000
   1.60000   0.00000
   1.70000   0.00000
   1.80000   0.00000
   1.90000   0.00000
   2.00000   0.00000
   2.10000   0.00000
   2.20000   0.00000
   2.30000   0.00000
   2.40000   0.00000
   2.50000   0.00000
   2.60000   0.00000
   2.70000   0.00000
   2.80000   0.00000
   2.90000   0.00000
   3.00000   0.00000
