 3-chloropropyne sigma-profile (sigma [e/nm^2], p(sigma)*At [nm^2])
  -3.00000   0.00000
  -2.90000   0.00000
  -2.80000   0.00000
  -2.70000   0.00000
  -2.60000   0.00000
  -2.50000   0.00000
  -2.40000   0.00000
  -2.30000   0.00000
  -2.20000   0.00000
  -2.10000   0.00000
  -2.00000   0.00000
  -1.90000   0.00000
  -1.80000   0.00000
  -1.70000   0.00000
  -1.60000   0.00016
  -1.50000   0.00356
  -1.40000   0.01040
  -1.30000   0.01200
  -1.20000   0.01491
  -1.10000   0.03297
  -1.00000   0.04555
  -0.90000   0.03668
  -0.80000   0.02826
  -0.70000   0.03301
  -0.60000   0.04228
  -0.50000   0.04215
  -0.40000   0.03095
  -0.30000   0.02588
  -0.20000   0.03366
  -0.10000   0.05019
   0.00000   0.05527
   0.10000   0.04028
   0.20000   0.05359
   0.30000   0.08041
   0.40000   0.07435
   0.50000   0.09604
   0.60000   0.13615
   0.70000   0.10116
   0.80000   0.02901
   0.90000   0.00022
   1.00000   0.00000
   1.10000   0.00000
   1.20000   0.00000
   1.30000   0.00000
   1.40000   0.00000
   1.50000   0.00000
   1.60000   0.00000
   1.70000   0.00000
   1.80000   0.00000
   1.90000   0.00000
   2.00000   0.00000
   2.10000   0.00000
   2.20000   0.00000
   2.30000   0.00000
   2.40000   0.00000
   2.50000   0.00000
   2.60000   0.00000
   2.70000   0.00000
   2.80000   0.00000
   2.90000   0.00000
   3.00000   0.00000
