 isocyanatomethane sigma-profile (sigma [e/nm^2], p(sigma)*At [nm^2])
  -3.00000   0.00000
  -2.90000   0.00000
  -2.80000   0.00000
  -2.70000   0.00000
  -2.60000   0.00000
  -2.50000   0.00000
  -2.40000   0.00000
  -2.30000   0.00000
  -2.20000   0.00000
  -2.10000   0.00000
  -2.00000   0.00000
  -1.90000   0.00000
  -1.80000   0.00000
  -1.70000   0.00000
  -1.60000   0.00000
  -1.50000   0.00000
  -1.40000   0.00000
  -1.30000   0.00000
  -1.20000   0.00000
  -1.10000   0.00000
  -1.00000   0.00000
  -0.90000   0.00654
  -0.80000   0.02929
  -0.70000   0.05040
  -0.60000   0.05763
  -0.50000   0.06590
  -0.40000   0.07585
  -0.30000   0.09684
  -0.20000   0.10495
  -0.10000   0.06780
   0.00000   0.03611
   0.10000   0.03645
   0.20000   0.03462
   0.30000   0.02105
   0.40000   0.01846
   0.50000   0.02955
   0.60000   0.03009
   0.70000   0.02950
   0.80000   0.05040
   0.90000   0.06241
   1.00000   0.03666
   1.10000   0.00763
   1.20000   0.00000
   1.30000   0.00000
   1.40000   0.00000
   1.50000   0.00000
   1.60000   0.00000
   1.70000   0.00000
   1.80000   0.00000
   1.90000   0.00000
   2.00000   0.00000
   2.10000   0.00000
   2.20000   0.00000
   2.30000   0.00000
   2.40000   0.00000
   2.50000   0.00000
   2.60000   0.00000
   2.70000   0.00000
   2.80000   0.00000
   2.90000   0.00000
   3.00000   0.00000
