 2-methyl-1-hexanol sigma-profile (sigma [e/nm^2], p(sigma)*At [nm^2])
  -3.00000   0.00000
  -2.90000   0.00000
  -2.80000   0.00000
  -2.70000   0.00000
  -2.60000   0.00000
  -2.50000   0.00000
  -2.40000   0.00000
  -2.30000   0.00000
  -2.20000   0.00000
  -2.10000   0.00000
  -2.00000   0.00000
  -1.90000   0.00000
  -1.80000   0.00153
  -1.70000   0.00585
  -1.60000   0.01020
  -1.50000   0.01025
  -1.40000   0.00755
  -1.30000   0.00702
  -1.20000   0.00803
  -1.10000   0.00692
  -1.00000   0.00447
  -0.90000   0.00466
  -0.80000   0.00629
  -0.70000   0.00691
  -0.60000   0.01705
  -0.50000   0.06407
  -0.40000   0.14351
  -0.30000   0.19464
  -0.20000   0.19837
  -0.10000   0.19193
   0.00000   0.19020
   0.10000   0.19250
   0.20000   0.18918
   0.30000   0.14835
   0.40000   0.07233
   0.50000   0.01971
   0.60000   0.00872
   0.70000   0.00978
   0.80000   0.00936
   0.90000   0.00693
   1.00000   0.00576
   1.10000   0.00969
   1.20000   0.01365
   1.30000   0.01200
   1.40000   0.01097
   1.50000   0.01462
   1.60000   0.01776
   1.70000   0.01401
   1.80000   0.00595
   1.90000   0.00105
   2.00000   0.00000
   2.10000   0.00000
   2.20000   0.00000
   2.30000   0.00000
   2.40000   0.00000
   2.50000   0.00000
   2.60000   0.00000
   2.70000   0.00000
   2.80000   0.00000
   2.90000   0.00000
   3.00000   0.00000
