 2-ethoxy-propane sigma-profile (sigma [e/nm^2], p(sigma)*At [nm^2])
  -3.00000   0.00000
  -2.90000   0.00000
  -2.80000   0.00000
  -2.70000   0.00000
  -2.60000   0.00000
  -2.50000   0.00000
  -2.40000   0.00000
  -2.30000   0.00000
  -2.20000   0.00000
  -2.10000   0.00000
  -2.00000   0.00000
  -1.90000   0.00000
  -1.80000   0.00000
  -1.70000   0.00000
  -1.60000   0.00000
  -1.50000   0.00000
  -1.40000   0.00000
  -1.30000   0.00000
  -1.20000   0.00000
  -1.10000   0.00000
  -1.00000   0.00000
  -0.90000   0.00000
  -0.80000   0.00000
  -0.70000   0.00302
  -0.60000   0.03366
  -0.50000   0.10701
  -0.40000   0.16477
  -0.30000   0.16716
  -0.20000   0.15718
  -0.10000   0.15192
   0.00000   0.15065
   0.10000   0.16296
   0.20000   0.14694
   0.30000   0.08143
   0.40000   0.02540
   0.50000   0.01271
   0.60000   0.01618
   0.70000   0.01420
   0.80000   0.00829
   0.90000   0.00483
   1.00000   0.00478
   1.10000   0.00613
   1.20000   0.00960
   1.30000   0.01252
   1.40000   0.01063
   1.50000   0.00786
   1.60000   0.00930
   1.70000   0.01175
   1.80000   0.00859
   1.90000   0.00254
   2.00000   0.00006
   2.10000   0.00000
   2.20000   0.00000
   2.30000   0.00000
   2.40000   0.00000
   2.50000   0.00000
   2.60000   0.00000
   2.70000   0.00000
   2.80000   0.00000
   2.90000   0.00000
   3.00000   0.00000
