 2-methyl-2-pentene sigma-profile (sigma [e/nm^2], p(sigma)*At [nm^2])
  -3.00000   0.00000
  -2.90000   0.00000
  -2.80000   0.00000
  -2.70000   0.00000
  -2.60000   0.00000
  -2.50000   0.00000
  -2.40000   0.00000
  -2.30000   0.00000
  -2.20000   0.00000
  -2.10000   0.00000
  -2.00000   0.00000
  -1.90000   0.00000
  -1.80000   0.00000
  -1.70000   0.00000
  -1.60000   0.00000
  -1.50000   0.00000
  -1.40000   0.00000
  -1.30000   0.00000
  -1.20000   0.00000
  -1.10000   0.00000
  -1.00000   0.00000
  -0.90000   0.00000
  -0.80000   0.00023
  -0.70000   0.00353
  -0.60000   0.02542
  -0.50000   0.08269
  -0.40000   0.13827
  -0.30000   0.15207
  -0.20000   0.14563
  -0.10000   0.13410
   0.00000   0.14169
   0.10000   0.18403
   0.20000   0.19449
   0.30000   0.13214
   0.40000   0.05964
   0.50000   0.02979
   0.60000   0.02524
   0.70000   0.02307
   0.80000   0.01935
   0.90000   0.01377
   1.00000   0.00649
   1.10000   0.00124
   1.20000   0.00000
   1.30000   0.00000
   1.40000   0.00000
   1.50000   0.00000
   1.60000   0.00000
   1.70000   0.00000
   1.80000   0.00000
   1.90000   0.00000
   2.00000   0.00000
   2.10000   0.00000
   2.20000   0.00000
   2.30000   0.00000
   2.40000   0.00000
   2.50000   0.00000
   2.60000   0.00000
   2.70000   0.00000
   2.80000   0.00000
   2.90000   0.00000
   3.00000   0.00000
