 methylisobutylether sigma-profile (sigma [e/nm^2], p(sigma)*At [nm^2])
  -3.00000   0.00000
  -2.90000   0.00000
  -2.80000   0.00000
  -2.70000   0.00000
  -2.60000   0.00000
  -2.50000   0.00000
  -2.40000   0.00000
  -2.30000   0.00000
  -2.20000   0.00000
  -2.10000   0.00000
  -2.00000   0.00000
  -1.90000   0.00000
  -1.80000   0.00000
  -1.70000   0.00000
  -1.60000   0.00000
  -1.50000   0.00000
  -1.40000   0.00000
  -1.30000   0.00000
  -1.20000   0.00000
  -1.10000   0.00000
  -1.00000   0.00000
  -0.90000   0.00000
  -0.80000   0.00030
  -0.70000   0.00483
  -0.60000   0.02493
  -0.50000   0.08012
  -0.40000   0.15270
  -0.30000   0.17985
  -0.20000   0.17350
  -0.10000   0.17045
   0.00000   0.15477
   0.10000   0.14045
   0.20000   0.13027
   0.30000   0.09320
   0.40000   0.04164
   0.50000   0.01800
   0.60000   0.01548
   0.70000   0.00992
   0.80000   0.00544
   0.90000   0.00591
   1.00000   0.00873
   1.10000   0.01041
   1.20000   0.01114
   1.30000   0.01057
   1.40000   0.00984
   1.50000   0.01047
   1.60000   0.00951
   1.70000   0.00595
   1.80000   0.00197
   1.90000   0.00008
   2.00000   0.00000
   2.10000   0.00000
   2.20000   0.00000
   2.30000   0.00000
   2.40000   0.00000
   2.50000   0.00000
   2.60000   0.00000
   2.70000   0.00000
   2.80000   0.00000
   2.90000   0.00000
   3.00000   0.00000
