 2,4-dimethyl-3-thiapentane sigma-profile (sigma [e/nm^2], p(sigma)*At [nm^2])
  -3.00000   0.00000
  -2.90000   0.00000
  -2.80000   0.00000
  -2.70000   0.00000
  -2.60000   0.00000
  -2.50000   0.00000
  -2.40000   0.00000
  -2.30000   0.00000
  -2.20000   0.00000
  -2.10000   0.00000
  -2.00000   0.00000
  -1.90000   0.00000
  -1.80000   0.00000
  -1.70000   0.00000
  -1.60000   0.00000
  -1.50000   0.00000
  -1.40000   0.00000
  -1.30000   0.00000
  -1.20000   0.00000
  -1.10000   0.00000
  -1.00000   0.00000
  -0.90000   0.00000
  -0.80000   0.00176
  -0.70000   0.01642
  -0.60000   0.06555
  -0.50000   0.13749
  -0.40000   0.16952
  -0.30000   0.16780
  -0.20000   0.16795
  -0.10000   0.15337
   0.00000   0.16401
   0.10000   0.20504
   0.20000   0.17588
   0.30000   0.07966
   0.40000   0.02780
   0.50000   0.02670
   0.60000   0.02684
   0.70000   0.02410
   0.80000   0.02390
   0.90000   0.02398
   1.00000   0.02074
   1.10000   0.01775
   1.20000   0.01551
   1.30000   0.01545
   1.40000   0.01399
   1.50000   0.00674
   1.60000   0.00104
   1.70000   0.00000
   1.80000   0.00000
   1.90000   0.00000
   2.00000   0.00000
   2.10000   0.00000
   2.20000   0.00000
   2.30000   0.00000
   2.40000   0.00000
   2.50000   0.00000
   2.60000   0.00000
   2.70000   0.00000
   2.80000   0.00000
   2.90000   0.00000
   3.00000   0.00000
