 2,5-dimethylfuran sigma-profile (sigma [e/nm^2], p(sigma)*At [nm^2])
  -3.00000   0.00000
  -2.90000   0.00000
  -2.80000   0.00000
  -2.70000   0.00000
  -2.60000   0.00000
  -2.50000   0.00000
  -2.40000   0.00000
  -2.30000   0.00000
  -2.20000   0.00000
  -2.10000   0.00000
  -2.00000   0.00000
  -1.90000   0.00000
  -1.80000   0.00000
  -1.70000   0.00000
  -1.60000   0.00000
  -1.50000   0.00000
  -1.40000   0.00000
  -1.30000   0.00000
  -1.20000   0.00000
  -1.10000   0.00000
  -1.00000   0.00004
  -0.90000   0.00486
  -0.80000   0.02159
  -0.70000   0.05803
  -0.60000   0.09629
  -0.50000   0.10432
  -0.40000   0.10104
  -0.30000   0.09204
  -0.20000   0.08775
  -0.10000   0.11959
   0.00000   0.14551
   0.10000   0.12789
   0.20000   0.08575
   0.30000   0.06335
   0.40000   0.06299
   0.50000   0.05972
   0.60000   0.06017
   0.70000   0.05804
   0.80000   0.04321
   0.90000   0.02333
   1.00000   0.01281
   1.10000   0.01073
   1.20000   0.00602
   1.30000   0.00126
   1.40000   0.00000
   1.50000   0.00000
   1.60000   0.00000
   1.70000   0.00000
   1.80000   0.00000
   1.90000   0.00000
   2.00000   0.00000
   2.10000   0.00000
   2.20000   0.00000
   2.30000   0.00000
   2.40000   0.00000
   2.50000   0.00000
   2.60000   0.00000
   2.70000   0.00000
   2.80000   0.00000
   2.90000   0.00000
   3.00000   0.00000
