 n-methylpiperidine sigma-profile (sigma [e/nm^2], p(sigma)*At [nm^2])
  -3.00000   0.00000
  -2.90000   0.00000
  -2.80000   0.00000
  -2.70000   0.00000
  -2.60000   0.00000
  -2.50000   0.00000
  -2.40000   0.00000
  -2.30000   0.00000
  -2.20000   0.00000
  -2.10000   0.00000
  -2.00000   0.00000
  -1.90000   0.00000
  -1.80000   0.00000
  -1.70000   0.00000
  -1.60000   0.00000
  -1.50000   0.00000
  -1.40000   0.00000
  -1.30000   0.00000
  -1.20000   0.00000
  -1.10000   0.00000
  -1.00000   0.00000
  -0.90000   0.00000
  -0.80000   0.00000
  -0.70000   0.00087
  -0.60000   0.01580
  -0.50000   0.06365
  -0.40000   0.11965
  -0.30000   0.15465
  -0.20000   0.17773
  -0.10000   0.19595
   0.00000   0.21988
   0.10000   0.21920
   0.20000   0.15476
   0.30000   0.07029
   0.40000   0.02041
   0.50000   0.00603
   0.60000   0.00542
   0.70000   0.00749
   0.80000   0.00843
   0.90000   0.00739
   1.00000   0.00590
   1.10000   0.00333
   1.20000   0.00086
   1.30000   0.00060
   1.40000   0.00238
   1.50000   0.00612
   1.60000   0.00847
   1.70000   0.00507
   1.80000   0.00110
   1.90000   0.00075
   2.00000   0.00261
   2.10000   0.00499
   2.20000   0.00487
   2.30000   0.00256
   2.40000   0.00086
   2.50000   0.00019
   2.60000   0.00000
   2.70000   0.00000
   2.80000   0.00000
   2.90000   0.00000
   3.00000   0.00000
