 1-nitrobutane sigma-profile (sigma [e/nm^2], p(sigma)*At [nm^2])
  -3.00000   0.00000
  -2.90000   0.00000
  -2.80000   0.00000
  -2.70000   0.00000
  -2.60000   0.00000
  -2.50000   0.00000
  -2.40000   0.00000
  -2.30000   0.00000
  -2.20000   0.00000
  -2.10000   0.00000
  -2.00000   0.00000
  -1.90000   0.00000
  -1.80000   0.00000
  -1.70000   0.00000
  -1.60000   0.00000
  -1.50000   0.00000
  -1.40000   0.00000
  -1.30000   0.00000
  -1.20000   0.00000
  -1.10000   0.00267
  -1.00000   0.01730
  -0.90000   0.03555
  -0.80000   0.04126
  -0.70000   0.04890
  -0.60000   0.07675
  -0.50000   0.11776
  -0.40000   0.14022
  -0.30000   0.12672
  -0.20000   0.10647
  -0.10000   0.09625
   0.00000   0.08782
   0.10000   0.08659
   0.20000   0.07809
   0.30000   0.04846
   0.40000   0.02277
   0.50000   0.02345
   0.60000   0.04900
   0.70000   0.06961
   0.80000   0.06097
   0.90000   0.04332
   1.00000   0.03597
   1.10000   0.03169
   1.20000   0.02369
   1.30000   0.01369
   1.40000   0.00460
   1.50000   0.00026
   1.60000   0.00000
   1.70000   0.00000
   1.80000   0.00000
   1.90000   0.00000
   2.00000   0.00000
   2.10000   0.00000
   2.20000   0.00000
   2.30000   0.00000
   2.40000   0.00000
   2.50000   0.00000
   2.60000   0.00000
   2.70000   0.00000
   2.80000   0.00000
   2.90000   0.00000
   3.00000   0.00000
