 1-heptyne sigma-profile (sigma [e/nm^2], p(sigma)*At [nm^2])
  -3.00000   0.00000
  -2.90000   0.00000
  -2.80000   0.00000
  -2.70000   0.00000
  -2.60000   0.00000
  -2.50000   0.00000
  -2.40000   0.00000
  -2.30000   0.00000
  -2.20000   0.00000
  -2.10000   0.00000
  -2.00000   0.00000
  -1.90000   0.00000
  -1.80000   0.00000
  -1.70000   0.00000
  -1.60000   0.00000
  -1.50000   0.00008
  -1.40000   0.00272
  -1.30000   0.00765
  -1.20000   0.01091
  -1.10000   0.00944
  -1.00000   0.00692
  -0.90000   0.00926
  -0.80000   0.01443
  -0.70000   0.02449
  -0.60000   0.03717
  -0.50000   0.07106
  -0.40000   0.13515
  -0.30000   0.17258
  -0.20000   0.17263
  -0.10000   0.16481
   0.00000   0.14340
   0.10000   0.14137
   0.20000   0.15449
   0.30000   0.10995
   0.40000   0.05294
   0.50000   0.04902
   0.60000   0.04334
   0.70000   0.03559
   0.80000   0.05579
   0.90000   0.05390
   1.00000   0.02354
   1.10000   0.00423
   1.20000   0.00000
   1.30000   0.00000
   1.40000   0.00000
   1.50000   0.00000
   1.60000   0.00000
   1.70000   0.00000
   1.80000   0.00000
   1.90000   0.00000
   2.00000   0.00000
   2.10000   0.00000
   2.20000   0.00000
   2.30000   0.00000
   2.40000   0.00000
   2.50000   0.00000
   2.60000   0.00000
   2.70000   0.00000
   2.80000   0.00000
   2.90000   0.00000
   3.00000   0.00000
