 1-ethoxybutane sigma-profile (sigma [e/nm^2], p(sigma)*At [nm^2])
  -3.00000   0.00000
  -2.90000   0.00000
  -2.80000   0.00000
  -2.70000   0.00000
  -2.60000   0.00000
  -2.50000   0.00000
  -2.40000   0.00000
  -2.30000   0.00000
  -2.20000   0.00000
  -2.10000   0.00000
  -2.00000   0.00000
  -1.90000   0.00000
  -1.80000   0.00000
  -1.70000   0.00000
  -1.60000   0.00000
  -1.50000   0.00000
  -1.40000   0.00000
  -1.30000   0.00000
  -1.20000   0.00000
  -1.10000   0.00000
  -1.00000   0.00000
  -0.90000   0.00000
  -0.80000   0.00000
  -0.70000   0.00133
  -0.60000   0.01675
  -0.50000   0.08440
  -0.40000   0.18130
  -0.30000   0.21762
  -0.20000   0.20688
  -0.10000   0.20683
   0.00000   0.19994
   0.10000   0.18068
   0.20000   0.15368
   0.30000   0.09682
   0.40000   0.03647
   0.50000   0.01516
   0.60000   0.01575
   0.70000   0.01254
   0.80000   0.00765
   0.90000   0.00496
   1.00000   0.00463
   1.10000   0.00818
   1.20000   0.01130
   1.30000   0.01062
   1.40000   0.00898
   1.50000   0.00964
   1.60000   0.01283
   1.70000   0.01265
   1.80000   0.00653
   1.90000   0.00126
   2.00000   0.00000
   2.10000   0.00000
   2.20000   0.00000
   2.30000   0.00000
   2.40000   0.00000
   2.50000   0.00000
   2.60000   0.00000
   2.70000   0.00000
   2.80000   0.00000
   2.90000   0.00000
   3.00000   0.00000
