 1-(methylthio)butane sigma-profile (sigma [e/nm^2], p(sigma)*At [nm^2])
  -3.00000   0.00000
  -2.90000   0.00000
  -2.80000   0.00000
  -2.70000   0.00000
  -2.60000   0.00000
  -2.50000   0.00000
  -2.40000   0.00000
  -2.30000   0.00000
  -2.20000   0.00000
  -2.10000   0.00000
  -2.00000   0.00000
  -1.90000   0.00000
  -1.80000   0.00000
  -1.70000   0.00000
  -1.60000   0.00000
  -1.50000   0.00000
  -1.40000   0.00000
  -1.30000   0.00000
  -1.20000   0.00000
  -1.10000   0.00000
  -1.00000   0.00000
  -0.90000   0.00066
  -0.80000   0.01013
  -0.70000   0.03672
  -0.60000   0.06767
  -0.50000   0.09914
  -0.40000   0.13841
  -0.30000   0.15779
  -0.20000   0.16136
  -0.10000   0.17303
   0.00000   0.16541
   0.10000   0.14117
   0.20000   0.12432
   0.30000   0.09295
   0.40000   0.04663
   0.50000   0.02459
   0.60000   0.02825
   0.70000   0.03099
   0.80000   0.02470
   0.90000   0.02060
   1.00000   0.02078
   1.10000   0.01861
   1.20000   0.01769
   1.30000   0.01633
   1.40000   0.01000
   1.50000   0.00285
   1.60000   0.00008
   1.70000   0.00000
   1.80000   0.00000
   1.90000   0.00000
   2.00000   0.00000
   2.10000   0.00000
   2.20000   0.00000
   2.30000   0.00000
   2.40000   0.00000
   2.50000   0.00000
   2.60000   0.00000
   2.70000   0.00000
   2.80000   0.00000
   2.90000   0.00000
   3.00000   0.00000
