 1,2-ethanedioldinitrate sigma-profile (sigma [e/nm^2], p(sigma)*At [nm^2])
  -3.00000   0.00000
  -2.90000   0.00000
  -2.80000   0.00000
  -2.70000   0.00000
  -2.60000   0.00000
  -2.50000   0.00000
  -2.40000   0.00000
  -2.30000   0.00000
  -2.20000   0.00000
  -2.10000   0.00000
  -2.00000   0.00000
  -1.90000   0.00000
  -1.80000   0.00000
  -1.70000   0.00000
  -1.60000   0.00000
  -1.50000   0.00000
  -1.40000   0.00000
  -1.30000   0.00103
  -1.20000   0.00903
  -1.10000   0.04867
  -1.00000   0.10341
  -0.90000   0.11332
  -0.80000   0.08801
  -0.70000   0.06601
  -0.60000   0.05269
  -0.50000   0.04698
  -0.40000   0.04124
  -0.30000   0.03117
  -0.20000   0.02898
  -0.10000   0.03881
   0.00000   0.04859
   0.10000   0.04838
   0.20000   0.04736
   0.30000   0.07528
   0.40000   0.14146
   0.50000   0.18447
   0.60000   0.16022
   0.70000   0.12084
   0.80000   0.08521
   0.90000   0.03916
   1.00000   0.00820
   1.10000   0.00028
   1.20000   0.00000
   1.30000   0.00000
   1.40000   0.00000
   1.50000   0.00000
   1.60000   0.00000
   1.70000   0.00000
   1.80000   0.00000
   1.90000   0.00000
   2.00000   0.00000
   2.10000   0.00000
   2.20000   0.00000
   2.30000   0.00000
   2.40000   0.00000
   2.50000   0.00000
   2.60000   0.00000
   2.70000   0.00000
   2.80000   0.00000
   2.90000   0.00000
   3.00000   0.00000
