 1-bromoheptane sigma-profile (sigma [e/nm^2], p(sigma)*At [nm^2])
  -3.00000   0.00000
  -2.90000   0.00000
  -2.80000   0.00000
  -2.70000   0.00000
  -2.60000   0.00000
  -2.50000   0.00000
  -2.40000   0.00000
  -2.30000   0.00000
  -2.20000   0.00000
  -2.10000   0.00000
  -2.00000   0.00000
  -1.90000   0.00000
  -1.80000   0.00000
  -1.70000   0.00000
  -1.60000   0.00000
  -1.50000   0.00000
  -1.40000   0.00000
  -1.30000   0.00000
  -1.20000   0.00000
  -1.10000   0.00000
  -1.00000   0.00039
  -0.90000   0.00868
  -0.80000   0.02444
  -0.70000   0.03108
  -0.60000   0.03784
  -0.50000   0.07936
  -0.40000   0.15976
  -0.30000   0.22211
  -0.20000   0.22763
  -0.10000   0.21360
   0.00000   0.20059
   0.10000   0.18160
   0.20000   0.16961
   0.30000   0.13982
   0.40000   0.08114
   0.50000   0.05203
   0.60000   0.06379
   0.70000   0.07722
   0.80000   0.05927
   0.90000   0.01896
   1.00000   0.00000
   1.10000   0.00000
   1.20000   0.00000
   1.30000   0.00000
   1.40000   0.00000
   1.50000   0.00000
   1.60000   0.00000
   1.70000   0.00000
   1.80000   0.00000
   1.90000   0.00000
   2.00000   0.00000
   2.10000   0.00000
   2.20000   0.00000
   2.30000   0.00000
   2.40000   0.00000
   2.50000   0.00000
   2.60000   0.00000
   2.70000   0.00000
   2.80000   0.00000
   2.90000   0.00000
   3.00000   0.00000
