 1-hexadecene sigma-profile (sigma [e/nm^2], p(sigma)*At [nm^2])
  -3.00000   0.00000
  -2.90000   0.00000
  -2.80000   0.00000
  -2.70000   0.00000
  -2.60000   0.00000
  -2.50000   0.00000
  -2.40000   0.00000
  -2.30000   0.00000
  -2.20000   0.00000
  -2.10000   0.00000
  -2.00000   0.00000
  -1.90000   0.00000
  -1.80000   0.00000
  -1.70000   0.00000
  -1.60000   0.00000
  -1.50000   0.00000
  -1.40000   0.00000
  -1.30000   0.00000
  -1.20000   0.00000
  -1.10000   0.00000
  -1.00000   0.00000
  -0.90000   0.00000
  -0.80000   0.00050
  -0.70000   0.01021
  -0.60000   0.03384
  -0.50000   0.07980
  -0.40000   0.21013
  -0.30000   0.37565
  -0.20000   0.44786
  -0.10000   0.46135
   0.00000   0.47010
   0.10000   0.43369
   0.20000   0.35801
   0.30000   0.29271
   0.40000   0.19317
   0.50000   0.07742
   0.60000   0.03251
   0.70000   0.02621
   0.80000   0.02121
   0.90000   0.01770
   1.00000   0.00898
   1.10000   0.00156
   1.20000   0.00000
   1.30000   0.00000
   1.40000   0.00000
   1.50000   0.00000
   1.60000   0.00000
   1.70000   0.00000
   1.80000   0.00000
   1.90000   0.00000
   2.00000   0.00000
   2.10000   0.00000
   2.20000   0.00000
   2.30000   0.00000
   2.40000   0.00000
   2.50000   0.00000
   2.60000   0.00000
   2.70000   0.00000
   2.80000   0.00000
   2.90000   0.00000
   3.00000   0.00000
