 3,6-dioxaoctane sigma-profile (sigma [e/nm^2], p(sigma)*At [nm^2])
  -3.00000   0.00000
  -2.90000   0.00000
  -2.80000   0.00000
  -2.70000   0.00000
  -2.60000   0.00000
  -2.50000   0.00000
  -2.40000   0.00000
  -2.30000   0.00000
  -2.20000   0.00000
  -2.10000   0.00000
  -2.00000   0.00000
  -1.90000   0.00000
  -1.80000   0.00000
  -1.70000   0.00000
  -1.60000   0.00000
  -1.50000   0.00000
  -1.40000   0.00000
  -1.30000   0.00000
  -1.20000   0.00000
  -1.10000   0.00000
  -1.00000   0.00000
  -0.90000   0.00000
  -0.80000   0.00000
  -0.70000   0.00695
  -0.60000   0.06219
  -0.50000   0.17181
  -0.40000   0.24019
  -0.30000   0.23140
  -0.20000   0.20936
  -0.10000   0.19268
   0.00000   0.16862
   0.10000   0.14544
   0.20000   0.10544
   0.30000   0.04780
   0.40000   0.02303
   0.50000   0.02626
   0.60000   0.02250
   0.70000   0.01469
   0.80000   0.00924
   0.90000   0.00768
   1.00000   0.01287
   1.10000   0.01910
   1.20000   0.01826
   1.30000   0.01516
   1.40000   0.01810
   1.50000   0.02106
   1.60000   0.02381
   1.70000   0.02563
   1.80000   0.01436
   1.90000   0.00229
   2.00000   0.00000
   2.10000   0.00000
   2.20000   0.00000
   2.30000   0.00000
   2.40000   0.00000
   2.50000   0.00000
   2.60000   0.00000
   2.70000   0.00000
   2.80000   0.00000
   2.90000   0.00000
   3.00000   0.00000
