 1,3,5,7-cyclooctatetraene sigma-profile (sigma [e/nm^2], p(sigma)*At [nm^2])
  -3.00000   0.00000
  -2.90000   0.00000
  -2.80000   0.00000
  -2.70000   0.00000
  -2.60000   0.00000
  -2.50000   0.00000
  -2.40000   0.00000
  -2.30000   0.00000
  -2.20000   0.00000
  -2.10000   0.00000
  -2.00000   0.00000
  -1.90000   0.00000
  -1.80000   0.00000
  -1.70000   0.00000
  -1.60000   0.00000
  -1.50000   0.00000
  -1.40000   0.00000
  -1.30000   0.00000
  -1.20000   0.00000
  -1.10000   0.00000
  -1.00000   0.00000
  -0.90000   0.00000
  -0.80000   0.02167
  -0.70000   0.07848
  -0.60000   0.11784
  -0.50000   0.11304
  -0.40000   0.11215
  -0.30000   0.11090
  -0.20000   0.09088
  -0.10000   0.08582
   0.00000   0.09043
   0.10000   0.08914
   0.20000   0.08548
   0.30000   0.08539
   0.40000   0.10288
   0.50000   0.10767
   0.60000   0.08276
   0.70000   0.05790
   0.80000   0.03514
   0.90000   0.02050
   1.00000   0.01489
   1.10000   0.00543
   1.20000   0.00014
   1.30000   0.00000
   1.40000   0.00000
   1.50000   0.00000
   1.60000   0.00000
   1.70000   0.00000
   1.80000   0.00000
   1.90000   0.00000
   2.00000   0.00000
   2.10000   0.00000
   2.20000   0.00000
   2.30000   0.00000
   2.40000   0.00000
   2.50000   0.00000
   2.60000   0.00000
   2.70000   0.00000
   2.80000   0.00000
   2.90000   0.00000
   3.00000   0.00000
