 di-n-butyl-disulfide sigma-profile (sigma [e/nm^2], p(sigma)*At [nm^2])
  -3.00000   0.00000
  -2.90000   0.00000
  -2.80000   0.00000
  -2.70000   0.00000
  -2.60000   0.00000
  -2.50000   0.00000
  -2.40000   0.00000
  -2.30000   0.00000
  -2.20000   0.00000
  -2.10000   0.00000
  -2.00000   0.00000
  -1.90000   0.00000
  -1.80000   0.00000
  -1.70000   0.00000
  -1.60000   0.00000
  -1.50000   0.00000
  -1.40000   0.00000
  -1.30000   0.00000
  -1.20000   0.00000
  -1.10000   0.00000
  -1.00000   0.00000
  -0.90000   0.00141
  -0.80000   0.01724
  -0.70000   0.04584
  -0.60000   0.06223
  -0.50000   0.10886
  -0.40000   0.20325
  -0.30000   0.25070
  -0.20000   0.25000
  -0.10000   0.24901
   0.00000   0.23437
   0.10000   0.23069
   0.20000   0.23197
   0.30000   0.18490
   0.40000   0.10973
   0.50000   0.06509
   0.60000   0.05607
   0.70000   0.05083
   0.80000   0.03831
   0.90000   0.03087
   1.00000   0.02411
   1.10000   0.01205
   1.20000   0.00311
   1.30000   0.00015
   1.40000   0.00000
   1.50000   0.00000
   1.60000   0.00000
   1.70000   0.00000
   1.80000   0.00000
   1.90000   0.00000
   2.00000   0.00000
   2.10000   0.00000
   2.20000   0.00000
   2.30000   0.00000
   2.40000   0.00000
   2.50000   0.00000
   2.60000   0.00000
   2.70000   0.00000
   2.80000   0.00000
   2.90000   0.00000
   3.00000   0.00000
