 1,1,2,2-tetraphenylethane sigma-profile (sigma [e/nm^2], p(sigma)*At [nm^2])
  -3.00000   0.00000
  -2.90000   0.00000
  -2.80000   0.00000
  -2.70000   0.00000
  -2.60000   0.00000
  -2.50000   0.00000
  -2.40000   0.00000
  -2.30000   0.00000
  -2.20000   0.00000
  -2.10000   0.00000
  -2.00000   0.00000
  -1.90000   0.00000
  -1.80000   0.00000
  -1.70000   0.00000
  -1.60000   0.00000
  -1.50000   0.00000
  -1.40000   0.00000
  -1.30000   0.00000
  -1.20000   0.00000
  -1.10000   0.00014
  -1.00000   0.00540
  -0.90000   0.02391
  -0.80000   0.10129
  -0.70000   0.22384
  -0.60000   0.26593
  -0.50000   0.23052
  -0.40000   0.22279
  -0.30000   0.23160
  -0.20000   0.21190
  -0.10000   0.19483
   0.00000   0.19808
   0.10000   0.18303
   0.20000   0.18838
   0.30000   0.24109
   0.40000   0.28623
   0.50000   0.34987
   0.60000   0.33747
   0.70000   0.16717
   0.80000   0.02855
   0.90000   0.00000
   1.00000   0.00000
   1.10000   0.00000
   1.20000   0.00000
   1.30000   0.00000
   1.40000   0.00000
   1.50000   0.00000
   1.60000   0.00000
   1.70000   0.00000
   1.80000   0.00000
   1.90000   0.00000
   2.00000   0.00000
   2.10000   0.00000
   2.20000   0.00000
   2.30000   0.00000
   2.40000   0.00000
   2.50000   0.00000
   2.60000   0.00000
   2.70000   0.00000
   2.80000   0.00000
   2.90000   0.00000
   3.00000   0.00000
