 3,4-dimethylthiophene sigma-profile (sigma [e/nm^2], p(sigma)*At [nm^2])
  -3.00000   0.00000
  -2.90000   0.00000
  -2.80000   0.00000
  -2.70000   0.00000
  -2.60000   0.00000
  -2.50000   0.00000
  -2.40000   0.00000
  -2.30000   0.00000
  -2.20000   0.00000
  -2.10000   0.00000
  -2.00000   0.00000
  -1.90000   0.00000
  -1.80000   0.00000
  -1.70000   0.00000
  -1.60000   0.00000
  -1.50000   0.00000
  -1.40000   0.00000
  -1.30000   0.00000
  -1.20000   0.00000
  -1.10000   0.00018
  -1.00000   0.00648
  -0.90000   0.01982
  -0.80000   0.02633
  -0.70000   0.03615
  -0.60000   0.07088
  -0.50000   0.10570
  -0.40000   0.11166
  -0.30000   0.10155
  -0.20000   0.09024
  -0.10000   0.09876
   0.00000   0.13379
   0.10000   0.14773
   0.20000   0.11899
   0.30000   0.08864
   0.40000   0.08435
   0.50000   0.09894
   0.60000   0.10224
   0.70000   0.06353
   0.80000   0.01738
   0.90000   0.00136
   1.00000   0.00000
   1.10000   0.00000
   1.20000   0.00000
   1.30000   0.00000
   1.40000   0.00000
   1.50000   0.00000
   1.60000   0.00000
   1.70000   0.00000
   1.80000   0.00000
   1.90000   0.00000
   2.00000   0.00000
   2.10000   0.00000
   2.20000   0.00000
   2.30000   0.00000
   2.40000   0.00000
   2.50000   0.00000
   2.60000   0.00000
   2.70000   0.00000
   2.80000   0.00000
   2.90000   0.00000
   3.00000   0.00000
