 1-ethenyl-4-(2-methylpropyl)-benzene sigma-profile (sigma [e/nm^2], p(sigma)*At [nm^2])
  -3.00000   0.00000
  -2.90000   0.00000
  -2.80000   0.00000
  -2.70000   0.00000
  -2.60000   0.00000
  -2.50000   0.00000
  -2.40000   0.00000
  -2.30000   0.00000
  -2.20000   0.00000
  -2.10000   0.00000
  -2.00000   0.00000
  -1.90000   0.00000
  -1.80000   0.00000
  -1.70000   0.00000
  -1.60000   0.00000
  -1.50000   0.00000
  -1.40000   0.00000
  -1.30000   0.00000
  -1.20000   0.00000
  -1.10000   0.00000
  -1.00000   0.00021
  -0.90000   0.00549
  -0.80000   0.02946
  -0.70000   0.06826
  -0.60000   0.09284
  -0.50000   0.12037
  -0.40000   0.17051
  -0.30000   0.18952
  -0.20000   0.17745
  -0.10000   0.17568
   0.00000   0.17578
   0.10000   0.18182
   0.20000   0.20346
   0.30000   0.20322
   0.40000   0.16457
   0.50000   0.13390
   0.60000   0.10114
   0.70000   0.04992
   0.80000   0.01888
   0.90000   0.00698
   1.00000   0.00087
   1.10000   0.00000
   1.20000   0.00000
   1.30000   0.00000
   1.40000   0.00000
   1.50000   0.00000
   1.60000   0.00000
   1.70000   0.00000
   1.80000   0.00000
   1.90000   0.00000
   2.00000   0.00000
   2.10000   0.00000
   2.20000   0.00000
   2.30000   0.00000
   2.40000   0.00000
   2.50000   0.00000
   2.60000   0.00000
   2.70000   0.00000
   2.80000   0.00000
   2.90000   0.00000
   3.00000   0.00000
