 2-ethoxy-2-methyl-propane sigma-profile (sigma [e/nm^2], p(sigma)*At [nm^2])
  -3.00000   0.00000
  -2.90000   0.00000
  -2.80000   0.00000
  -2.70000   0.00000
  -2.60000   0.00000
  -2.50000   0.00000
  -2.40000   0.00000
  -2.30000   0.00000
  -2.20000   0.00000
  -2.10000   0.00000
  -2.00000   0.00000
  -1.90000   0.00000
  -1.80000   0.00000
  -1.70000   0.00000
  -1.60000   0.00000
  -1.50000   0.00000
  -1.40000   0.00000
  -1.30000   0.00000
  -1.20000   0.00000
  -1.10000   0.00000
  -1.00000   0.00000
  -0.90000   0.00000
  -0.80000   0.00000
  -0.70000   0.00326
  -0.60000   0.03827
  -0.50000   0.11706
  -0.40000   0.17499
  -0.30000   0.17845
  -0.20000   0.16652
  -0.10000   0.15110
   0.00000   0.15050
   0.10000   0.18864
   0.20000   0.19020
   0.30000   0.10740
   0.40000   0.03184
   0.50000   0.01315
   0.60000   0.01200
   0.70000   0.00899
   0.80000   0.00857
   0.90000   0.00901
   1.00000   0.00625
   1.10000   0.00479
   1.20000   0.00634
   1.30000   0.00848
   1.40000   0.01026
   1.50000   0.00991
   1.60000   0.00873
   1.70000   0.01027
   1.80000   0.01024
   1.90000   0.00462
   2.00000   0.00041
   2.10000   0.00000
   2.20000   0.00000
   2.30000   0.00000
   2.40000   0.00000
   2.50000   0.00000
   2.60000   0.00000
   2.70000   0.00000
   2.80000   0.00000
   2.90000   0.00000
   3.00000   0.00000
