 tridecanoicacid sigma-profile (sigma [e/nm^2], p(sigma)*At [nm^2])
  -3.00000   0.00000
  -2.90000   0.00000
  -2.80000   0.00000
  -2.70000   0.00000
  -2.60000   0.00000
  -2.50000   0.00000
  -2.40000   0.00000
  -2.30000   0.00000
  -2.20000   0.00000
  -2.10000   0.00057
  -2.00000   0.00484
  -1.90000   0.01081
  -1.80000   0.01195
  -1.70000   0.01063
  -1.60000   0.00899
  -1.50000   0.00553
  -1.40000   0.00392
  -1.30000   0.00533
  -1.20000   0.00574
  -1.10000   0.00449
  -1.00000   0.00354
  -0.90000   0.00581
  -0.80000   0.01843
  -0.70000   0.03599
  -0.60000   0.04458
  -0.50000   0.07908
  -0.40000   0.19568
  -0.30000   0.32368
  -0.20000   0.36812
  -0.10000   0.36968
   0.00000   0.35746
   0.10000   0.31388
   0.20000   0.26743
   0.30000   0.22423
   0.40000   0.13804
   0.50000   0.04598
   0.60000   0.01885
   0.70000   0.02517
   0.80000   0.02128
   0.90000   0.02062
   1.00000   0.03115
   1.10000   0.03822
   1.20000   0.03733
   1.30000   0.03064
   1.40000   0.02320
   1.50000   0.01540
   1.60000   0.00589
   1.70000   0.00070
   1.80000   0.00000
   1.90000   0.00000
   2.00000   0.00000
   2.10000   0.00000
   2.20000   0.00000
   2.30000   0.00000
   2.40000   0.00000
   2.50000   0.00000
   2.60000   0.00000
   2.70000   0.00000
   2.80000   0.00000
   2.90000   0.00000
   3.00000   0.00000
