 aceticacid sigma-profile (sigma [e/nm^2], p(sigma)*At [nm^2])
  -3.00000   0.00000
  -2.90000   0.00000
  -2.80000   0.00000
  -2.70000   0.00000
  -2.60000   0.00000
  -2.50000   0.00000
  -2.40000   0.00000
  -2.30000   0.00000
  -2.20000   0.00000
  -2.10000   0.00074
  -2.00000   0.00532
  -1.90000   0.01138
  -1.80000   0.01236
  -1.70000   0.01018
  -1.60000   0.00793
  -1.50000   0.00534
  -1.40000   0.00478
  -1.30000   0.00632
  -1.20000   0.00620
  -1.10000   0.00468
  -1.00000   0.00483
  -0.90000   0.01542
  -0.80000   0.03718
  -0.70000   0.04896
  -0.60000   0.05141
  -0.50000   0.05258
  -0.40000   0.04880
  -0.30000   0.05518
  -0.20000   0.07258
  -0.10000   0.07041
   0.00000   0.03881
   0.10000   0.01637
   0.20000   0.01977
   0.30000   0.02344
   0.40000   0.01886
   0.50000   0.01346
   0.60000   0.01491
   0.70000   0.02218
   0.80000   0.02402
   0.90000   0.02463
   1.00000   0.02989
   1.10000   0.03541
   1.20000   0.03766
   1.30000   0.03221
   1.40000   0.02439
   1.50000   0.01642
   1.60000   0.00641
   1.70000   0.00079
   1.80000   0.00000
   1.90000   0.00000
   2.00000   0.00000
   2.10000   0.00000
   2.20000   0.00000
   2.30000   0.00000
   2.40000   0.00000
   2.50000   0.00000
   2.60000   0.00000
   2.70000   0.00000
   2.80000   0.00000
   2.90000   0.00000
   3.00000   0.00000
