 cis-2-nonene sigma-profile (sigma [e/nm^2], p(sigma)*At [nm^2])
  -3.00000   0.00000
  -2.90000   0.00000
  -2.80000   0.00000
  -2.70000   0.00000
  -2.60000   0.00000
  -2.50000   0.00000
  -2.40000   0.00000
  -2.30000   0.00000
  -2.20000   0.00000
  -2.10000   0.00000
  -2.00000   0.00000
  -1.90000   0.00000
  -1.80000   0.00000
  -1.70000   0.00000
  -1.60000   0.00000
  -1.50000   0.00000
  -1.40000   0.00000
  -1.30000   0.00000
  -1.20000   0.00000
  -1.10000   0.00000
  -1.00000   0.00000
  -0.90000   0.00000
  -0.80000   0.00009
  -0.70000   0.00443
  -0.60000   0.02729
  -0.50000   0.08386
  -0.40000   0.16136
  -0.30000   0.21699
  -0.20000   0.23826
  -0.10000   0.24653
   0.00000   0.25047
   0.10000   0.25144
   0.20000   0.23427
   0.30000   0.17718
   0.40000   0.09736
   0.50000   0.04152
   0.60000   0.02498
   0.70000   0.02367
   0.80000   0.02055
   0.90000   0.01622
   1.00000   0.01107
   1.10000   0.00414
   1.20000   0.00029
   1.30000   0.00000
   1.40000   0.00000
   1.50000   0.00000
   1.60000   0.00000
   1.70000   0.00000
   1.80000   0.00000
   1.90000   0.00000
   2.00000   0.00000
   2.10000   0.00000
   2.20000   0.00000
   2.30000   0.00000
   2.40000   0.00000
   2.50000   0.00000
   2.60000   0.00000
   2.70000   0.00000
   2.80000   0.00000
   2.90000   0.00000
   3.00000   0.00000
