 benzoicacid sigma-profile (sigma [e/nm^2], p(sigma)*At [nm^2])
  -3.00000   0.00000
  -2.90000   0.00000
  -2.80000   0.00000
  -2.70000   0.00000
  -2.60000   0.00000
  -2.50000   0.00000
  -2.40000   0.00000
  -2.30000   0.00000
  -2.20000   0.00000
  -2.10000   0.00158
  -2.00000   0.00745
  -1.90000   0.01221
  -1.80000   0.01183
  -1.70000   0.01025
  -1.60000   0.00667
  -1.50000   0.00391
  -1.40000   0.00566
  -1.30000   0.00688
  -1.20000   0.00445
  -1.10000   0.00273
  -1.00000   0.00429
  -0.90000   0.02106
  -0.80000   0.05460
  -0.70000   0.07057
  -0.60000   0.06721
  -0.50000   0.07087
  -0.40000   0.07759
  -0.30000   0.07943
  -0.20000   0.08377
  -0.10000   0.08365
   0.00000   0.08217
   0.10000   0.10161
   0.20000   0.13318
   0.30000   0.14750
   0.40000   0.10761
   0.50000   0.04077
   0.60000   0.01898
   0.70000   0.02693
   0.80000   0.02493
   0.90000   0.02143
   1.00000   0.02220
   1.10000   0.02664
   1.20000   0.03302
   1.30000   0.03105
   1.40000   0.02122
   1.50000   0.01009
   1.60000   0.00230
   1.70000   0.00000
   1.80000   0.00000
   1.90000   0.00000
   2.00000   0.00000
   2.10000   0.00000
   2.20000   0.00000
   2.30000   0.00000
   2.40000   0.00000
   2.50000   0.00000
   2.60000   0.00000
   2.70000   0.00000
   2.80000   0.00000
   2.90000   0.00000
   3.00000   0.00000
