 n-nonyl-n-undecyl-phthalate sigma-profile (sigma [e/nm^2], p(sigma)*At [nm^2])
  -3.00000   0.00000
  -2.90000   0.00000
  -2.80000   0.00000
  -2.70000   0.00000
  -2.60000   0.00000
  -2.50000   0.00000
  -2.40000   0.00000
  -2.30000   0.00000
  -2.20000   0.00000
  -2.10000   0.00000
  -2.00000   0.00000
  -1.90000   0.00000
  -1.80000   0.00000
  -1.70000   0.00000
  -1.60000   0.00000
  -1.50000   0.00000
  -1.40000   0.00000
  -1.30000   0.00000
  -1.20000   0.00000
  -1.10000   0.00000
  -1.00000   0.00534
  -0.90000   0.02804
  -0.80000   0.06568
  -0.70000   0.09665
  -0.60000   0.12623
  -0.50000   0.20964
  -0.40000   0.40783
  -0.30000   0.61061
  -0.20000   0.66925
  -0.10000   0.65038
   0.00000   0.63292
   0.10000   0.61107
   0.20000   0.56830
   0.30000   0.44849
   0.40000   0.23968
   0.50000   0.07975
   0.60000   0.03799
   0.70000   0.03756
   0.80000   0.03543
   0.90000   0.03239
   1.00000   0.03445
   1.10000   0.04918
   1.20000   0.06672
   1.30000   0.05893
   1.40000   0.03467
   1.50000   0.01589
   1.60000   0.00430
   1.70000   0.00025
   1.80000   0.00000
   1.90000   0.00000
   2.00000   0.00000
   2.10000   0.00000
   2.20000   0.00000
   2.30000   0.00000
   2.40000   0.00000
   2.50000   0.00000
   2.60000   0.00000
   2.70000   0.00000
   2.80000   0.00000
   2.90000   0.00000
   3.00000   0.00000
