 1,2-benzene-dicarboxylic-acid-heptyl-undecyl-ester sigma-profile (sigma [e/nm^2], p(sigma)*At [nm^2])
  -3.00000   0.00000
  -2.90000   0.00000
  -2.80000   0.00000
  -2.70000   0.00000
  -2.60000   0.00000
  -2.50000   0.00000
  -2.40000   0.00000
  -2.30000   0.00000
  -2.20000   0.00000
  -2.10000   0.00000
  -2.00000   0.00000
  -1.90000   0.00000
  -1.80000   0.00000
  -1.70000   0.00000
  -1.60000   0.00000
  -1.50000   0.00000
  -1.40000   0.00000
  -1.30000   0.00000
  -1.20000   0.00000
  -1.10000   0.00000
  -1.00000   0.00553
  -0.90000   0.02754
  -0.80000   0.06472
  -0.70000   0.09776
  -0.60000   0.12877
  -0.50000   0.20981
  -0.40000   0.38810
  -0.30000   0.55832
  -0.20000   0.60448
  -0.10000   0.59042
   0.00000   0.57307
   0.10000   0.55606
   0.20000   0.53245
   0.30000   0.42504
   0.40000   0.22221
   0.50000   0.07259
   0.60000   0.03577
   0.70000   0.03548
   0.80000   0.03458
   0.90000   0.03181
   1.00000   0.03226
   1.10000   0.04763
   1.20000   0.06516
   1.30000   0.05659
   1.40000   0.03413
   1.50000   0.01653
   1.60000   0.00498
   1.70000   0.00060
   1.80000   0.00000
   1.90000   0.00000
   2.00000   0.00000
   2.10000   0.00000
   2.20000   0.00000
   2.30000   0.00000
   2.40000   0.00000
   2.50000   0.00000
   2.60000   0.00000
   2.70000   0.00000
   2.80000   0.00000
   2.90000   0.00000
   3.00000   0.00000
