 isosorbide sigma-profile (sigma [e/nm^2], p(sigma)*At [nm^2])
  -3.00000   0.00000
  -2.90000   0.00000
  -2.80000   0.00000
  -2.70000   0.00000
  -2.60000   0.00000
  -2.50000   0.00000
  -2.40000   0.00000
  -2.30000   0.00000
  -2.20000   0.00000
  -2.10000   0.00000
  -2.00000   0.00001
  -1.90000   0.00371
  -1.80000   0.01362
  -1.70000   0.02218
  -1.60000   0.02292
  -1.50000   0.01876
  -1.40000   0.01379
  -1.30000   0.01260
  -1.20000   0.01502
  -1.10000   0.01386
  -1.00000   0.01161
  -0.90000   0.01907
  -0.80000   0.05505
  -0.70000   0.11144
  -0.60000   0.13351
  -0.50000   0.11750
  -0.40000   0.10937
  -0.30000   0.10420
  -0.20000   0.08487
  -0.10000   0.06472
   0.00000   0.04798
   0.10000   0.03993
   0.20000   0.04056
   0.30000   0.03532
   0.40000   0.02647
   0.50000   0.02102
   0.60000   0.02280
   0.70000   0.03021
   0.80000   0.03231
   0.90000   0.03059
   1.00000   0.03693
   1.10000   0.04400
   1.20000   0.04198
   1.30000   0.04664
   1.40000   0.06159
   1.50000   0.06298
   1.60000   0.03871
   1.70000   0.01112
   1.80000   0.00074
   1.90000   0.00000
   2.00000   0.00000
   2.10000   0.00000
   2.20000   0.00000
   2.30000   0.00000
   2.40000   0.00000
   2.50000   0.00000
   2.60000   0.00000
   2.70000   0.00000
   2.80000   0.00000
   2.90000   0.00000
   3.00000   0.00000
