 hexanal sigma-profile (sigma [e/nm^2], p(sigma)*At [nm^2])
  -3.00000   0.00000
  -2.90000   0.00000
  -2.80000   0.00000
  -2.70000   0.00000
  -2.60000   0.00000
  -2.50000   0.00000
  -2.40000   0.00000
  -2.30000   0.00000
  -2.20000   0.00000
  -2.10000   0.00000
  -2.00000   0.00000
  -1.90000   0.00000
  -1.80000   0.00000
  -1.70000   0.00000
  -1.60000   0.00000
  -1.50000   0.00000
  -1.40000   0.00000
  -1.30000   0.00000
  -1.20000   0.00000
  -1.10000   0.00000
  -1.00000   0.00000
  -0.90000   0.00162
  -0.80000   0.01908
  -0.70000   0.05432
  -0.60000   0.07935
  -0.50000   0.10397
  -0.40000   0.14756
  -0.30000   0.17372
  -0.20000   0.17094
  -0.10000   0.15719
   0.00000   0.13148
   0.10000   0.11745
   0.20000   0.12370
   0.30000   0.09828
   0.40000   0.04120
   0.50000   0.01232
   0.60000   0.01238
   0.70000   0.01239
   0.80000   0.01139
   0.90000   0.01512
   1.00000   0.02170
   1.10000   0.02642
   1.20000   0.02725
   1.30000   0.02381
   1.40000   0.02010
   1.50000   0.01642
   1.60000   0.00978
   1.70000   0.00294
   1.80000   0.00008
   1.90000   0.00000
   2.00000   0.00000
   2.10000   0.00000
   2.20000   0.00000
   2.30000   0.00000
   2.40000   0.00000
   2.50000   0.00000
   2.60000   0.00000
   2.70000   0.00000
   2.80000   0.00000
   2.90000   0.00000
   3.00000   0.00000
