 dimethylsulfoxide sigma-profile (sigma [e/nm^2], p(sigma)*At [nm^2])
  -3.00000   0.00000
  -2.90000   0.00000
  -2.80000   0.00000
  -2.70000   0.00000
  -2.60000   0.00000
  -2.50000   0.00000
  -2.40000   0.00000
  -2.30000   0.00000
  -2.20000   0.00000
  -2.10000   0.00000
  -2.00000   0.00000
  -1.90000   0.00000
  -1.80000   0.00000
  -1.70000   0.00000
  -1.60000   0.00000
  -1.50000   0.00000
  -1.40000   0.00000
  -1.30000   0.00000
  -1.20000   0.00000
  -1.10000   0.00087
  -1.00000   0.01815
  -0.90000   0.06133
  -0.80000   0.09324
  -0.70000   0.08958
  -0.60000   0.07543
  -0.50000   0.06605
  -0.40000   0.07441
  -0.30000   0.09406
  -0.20000   0.09784
  -0.10000   0.07795
   0.00000   0.03891
   0.10000   0.01774
   0.20000   0.02511
   0.30000   0.02799
   0.40000   0.02153
   0.50000   0.01769
   0.60000   0.01402
   0.70000   0.00842
   0.80000   0.00516
   0.90000   0.00293
   1.00000   0.00303
   1.10000   0.00699
   1.20000   0.00951
   1.30000   0.01110
   1.40000   0.01798
   1.50000   0.02548
   1.60000   0.02828
   1.70000   0.03426
   1.80000   0.03671
   1.90000   0.02187
   2.00000   0.00511
   2.10000   0.00011
   2.20000   0.00000
   2.30000   0.00000
   2.40000   0.00000
   2.50000   0.00000
   2.60000   0.00000
   2.70000   0.00000
   2.80000   0.00000
   2.90000   0.00000
   3.00000   0.00000
