 propanone sigma-profile (sigma [e/nm^2], p(sigma)*At [nm^2])
  -3.00000   0.00000
  -2.90000   0.00000
  -2.80000   0.00000
  -2.70000   0.00000
  -2.60000   0.00000
  -2.50000   0.00000
  -2.40000   0.00000
  -2.30000   0.00000
  -2.20000   0.00000
  -2.10000   0.00000
  -2.00000   0.00000
  -1.90000   0.00000
  -1.80000   0.00000
  -1.70000   0.00000
  -1.60000   0.00000
  -1.50000   0.00000
  -1.40000   0.00000
  -1.30000   0.00000
  -1.20000   0.00000
  -1.10000   0.00000
  -1.00000   0.00000
  -0.90000   0.00817
  -0.80000   0.03667
  -0.70000   0.07579
  -0.60000   0.09539
  -0.50000   0.09118
  -0.40000   0.07843
  -0.30000   0.06897
  -0.20000   0.08215
  -0.10000   0.10330
   0.00000   0.09049
   0.10000   0.04767
   0.20000   0.01953
   0.30000   0.01513
   0.40000   0.01195
   0.50000   0.00708
   0.60000   0.00608
   0.70000   0.00727
   0.80000   0.00946
   0.90000   0.01388
   1.00000   0.01685
   1.10000   0.01805
   1.20000   0.02374
   1.30000   0.02903
   1.40000   0.02652
   1.50000   0.02064
   1.60000   0.01483
   1.70000   0.00982
   1.80000   0.00460
   1.90000   0.00071
   2.00000   0.00000
   2.10000   0.00000
   2.20000   0.00000
   2.30000   0.00000
   2.40000   0.00000
   2.50000   0.00000
   2.60000   0.00000
   2.70000   0.00000
   2.80000   0.00000
   2.90000   0.00000
   3.00000   0.00000
