 2-propanol sigma-profile (sigma [e/nm^2], p(sigma)*At [nm^2])
  -3.00000   0.00000
  -2.90000   0.00000
  -2.80000   0.00000
  -2.70000   0.00000
  -2.60000   0.00000
  -2.50000   0.00000
  -2.40000   0.00000
  -2.30000   0.00000
  -2.20000   0.00000
  -2.10000   0.00000
  -2.00000   0.00000
  -1.90000   0.00000
  -1.80000   0.00127
  -1.70000   0.00559
  -1.60000   0.00925
  -1.50000   0.00924
  -1.40000   0.00852
  -1.30000   0.00869
  -1.20000   0.00794
  -1.10000   0.00561
  -1.00000   0.00434
  -0.90000   0.00482
  -0.80000   0.00657
  -0.70000   0.01073
  -0.60000   0.03027
  -0.50000   0.07214
  -0.40000   0.10186
  -0.30000   0.10225
  -0.20000   0.09404
  -0.10000   0.08247
   0.00000   0.08255
   0.10000   0.10274
   0.20000   0.09865
   0.30000   0.05312
   0.40000   0.01616
   0.50000   0.00987
   0.60000   0.01283
   0.70000   0.01244
   0.80000   0.00837
   0.90000   0.00534
   1.00000   0.00612
   1.10000   0.00949
   1.20000   0.01307
   1.30000   0.01183
   1.40000   0.00919
   1.50000   0.01264
   1.60000   0.01817
   1.70000   0.01858
   1.80000   0.01167
   1.90000   0.00350
   2.00000   0.00026
   2.10000   0.00000
   2.20000   0.00000
   2.30000   0.00000
   2.40000   0.00000
   2.50000   0.00000
   2.60000   0.00000
   2.70000   0.00000
   2.80000   0.00000
   2.90000   0.00000
   3.00000   0.00000
