 chcl3 sigma-profile (sigma [e/nm^2], p(sigma)*At [nm^2])
  -3.00000   0.00000
  -2.90000   0.00000
  -2.80000   0.00000
  -2.70000   0.00000
  -2.60000   0.00000
  -2.50000   0.00000
  -2.40000   0.00000
  -2.30000   0.00000
  -2.20000   0.00000
  -2.10000   0.00000
  -2.00000   0.00000
  -1.90000   0.00000
  -1.80000   0.00000
  -1.70000   0.00000
  -1.60000   0.00000
  -1.50000   0.00529
  -1.40000   0.01642
  -1.30000   0.02021
  -1.20000   0.01426
  -1.10000   0.00918
  -1.00000   0.00883
  -0.90000   0.01069
  -0.80000   0.01028
  -0.70000   0.01104
  -0.60000   0.02343
  -0.50000   0.03881
  -0.40000   0.05026
  -0.30000   0.05535
  -0.20000   0.05446
  -0.10000   0.07063
   0.00000   0.08436
   0.10000   0.08990
   0.20000   0.14429
   0.30000   0.21717
   0.40000   0.18174
   0.50000   0.06116
   0.60000   0.00108
   0.70000   0.00000
   0.80000   0.00000
   0.90000   0.00000
   1.00000   0.00000
   1.10000   0.00000
   1.20000   0.00000
   1.30000   0.00000
   1.40000   0.00000
   1.50000   0.00000
   1.60000   0.00000
   1.70000   0.00000
   1.80000   0.00000
   1.90000   0.00000
   2.00000   0.00000
   2.10000   0.00000
   2.20000   0.00000
   2.30000   0.00000
   2.40000   0.00000
   2.50000   0.00000
   2.60000   0.00000
   2.70000   0.00000
   2.80000   0.00000
   2.90000   0.00000
   3.00000   0.00000
