 4-methylene-2-oxetanone sigma-profile (sigma [e/nm^2], p(sigma)*At [nm^2])
  -3.00000   0.00000
  -2.90000   0.00000
  -2.80000   0.00000
  -2.70000   0.00000
  -2.60000   0.00000
  -2.50000   0.00000
  -2.40000   0.00000
  -2.30000   0.00000
  -2.20000   0.00000
  -2.10000   0.00000
  -2.00000   0.00000
  -1.90000   0.00000
  -1.80000   0.00000
  -1.70000   0.00000
  -1.60000   0.00000
  -1.50000   0.00000
  -1.40000   0.00000
  -1.30000   0.00000
  -1.20000   0.00116
  -1.10000   0.01459
  -1.00000   0.04136
  -0.90000   0.06269
  -0.80000   0.06766
  -0.70000   0.06087
  -0.60000   0.05739
  -0.50000   0.06245
  -0.40000   0.06764
  -0.30000   0.05990
  -0.20000   0.04634
  -0.10000   0.04670
   0.00000   0.05065
   0.10000   0.04864
   0.20000   0.04778
   0.30000   0.05013
   0.40000   0.05380
   0.50000   0.05279
   0.60000   0.04464
   0.70000   0.03611
   0.80000   0.03466
   0.90000   0.04320
   1.00000   0.04894
   1.10000   0.04028
   1.20000   0.02511
   1.30000   0.01091
   1.40000   0.00212
   1.50000   0.00000
   1.60000   0.00000
   1.70000   0.00000
   1.80000   0.00000
   1.90000   0.00000
   2.00000   0.00000
   2.10000   0.00000
   2.20000   0.00000
   2.30000   0.00000
   2.40000   0.00000
   2.50000   0.00000
   2.60000   0.00000
   2.70000   0.00000
   2.80000   0.00000
   2.90000   0.00000
   3.00000   0.00000
