 1,1,2,2,3-pentafluoropropane sigma-profile (sigma [e/nm^2], p(sigma)*At [nm^2])
  -3.00000   0.00000
  -2.90000   0.00000
  -2.80000   0.00000
  -2.70000   0.00000
  -2.60000   0.00000
  -2.50000   0.00000
  -2.40000   0.00000
  -2.30000   0.00000
  -2.20000   0.00000
  -2.10000   0.00000
  -2.00000   0.00000
  -1.90000   0.00000
  -1.80000   0.00000
  -1.70000   0.00000
  -1.60000   0.00000
  -1.50000   0.00000
  -1.40000   0.00398
  -1.30000   0.01503
  -1.20000   0.02862
  -1.10000   0.04189
  -1.00000   0.04660
  -0.90000   0.03815
  -0.80000   0.03568
  -0.70000   0.04245
  -0.60000   0.03788
  -0.50000   0.02732
  -0.40000   0.02370
  -0.30000   0.02337
  -0.20000   0.02669
  -0.10000   0.03295
   0.00000   0.03757
   0.10000   0.05685
   0.20000   0.12190
   0.30000   0.21938
   0.40000   0.23603
   0.50000   0.13816
   0.60000   0.05308
   0.70000   0.01866
   0.80000   0.00247
   0.90000   0.00000
   1.00000   0.00000
   1.10000   0.00000
   1.20000   0.00000
   1.30000   0.00000
   1.40000   0.00000
   1.50000   0.00000
   1.60000   0.00000
   1.70000   0.00000
   1.80000   0.00000
   1.90000   0.00000
   2.00000   0.00000
   2.10000   0.00000
   2.20000   0.00000
   2.30000   0.00000
   2.40000   0.00000
   2.50000   0.00000
   2.60000   0.00000
   2.70000   0.00000
   2.80000   0.00000
   2.90000   0.00000
   3.00000   0.00000
