 1,1,1,3,3,3-hexafluoro-2-propanone sigma-profile (sigma [e/nm^2], p(sigma)*At [nm^2])
  -3.00000   0.00000
  -2.90000   0.00000
  -2.80000   0.00000
  -2.70000   0.00000
  -2.60000   0.00000
  -2.50000   0.00000
  -2.40000   0.00000
  -2.30000   0.00000
  -2.20000   0.00000
  -2.10000   0.00000
  -2.00000   0.00000
  -1.90000   0.00000
  -1.80000   0.00000
  -1.70000   0.00000
  -1.60000   0.00108
  -1.50000   0.00338
  -1.40000   0.00516
  -1.30000   0.00764
  -1.20000   0.01038
  -1.10000   0.00990
  -1.00000   0.00976
  -0.90000   0.01237
  -0.80000   0.01777
  -0.70000   0.02389
  -0.60000   0.02541
  -0.50000   0.02755
  -0.40000   0.03580
  -0.30000   0.04491
  -0.20000   0.05514
  -0.10000   0.11402
   0.00000   0.24394
   0.10000   0.32121
   0.20000   0.23165
   0.30000   0.08460
   0.40000   0.02583
   0.50000   0.02687
   0.60000   0.02930
   0.70000   0.02534
   0.80000   0.01444
   0.90000   0.00416
   1.00000   0.00019
   1.10000   0.00000
   1.20000   0.00000
   1.30000   0.00000
   1.40000   0.00000
   1.50000   0.00000
   1.60000   0.00000
   1.70000   0.00000
   1.80000   0.00000
   1.90000   0.00000
   2.00000   0.00000
   2.10000   0.00000
   2.20000   0.00000
   2.30000   0.00000
   2.40000   0.00000
   2.50000   0.00000
   2.60000   0.00000
   2.70000   0.00000
   2.80000   0.00000
   2.90000   0.00000
   3.00000   0.00000
