 butenyne sigma-profile (sigma [e/nm^2], p(sigma)*At [nm^2])
  -3.00000   0.00000
  -2.90000   0.00000
  -2.80000   0.00000
  -2.70000   0.00000
  -2.60000   0.00000
  -2.50000   0.00000
  -2.40000   0.00000
  -2.30000   0.00000
  -2.20000   0.00000
  -2.10000   0.00000
  -2.00000   0.00000
  -1.90000   0.00000
  -1.80000   0.00000
  -1.70000   0.00000
  -1.60000   0.00000
  -1.50000   0.00168
  -1.40000   0.00646
  -1.30000   0.01121
  -1.20000   0.01055
  -1.10000   0.00796
  -1.00000   0.01229
  -0.90000   0.02519
  -0.80000   0.03962
  -0.70000   0.04558
  -0.60000   0.04594
  -0.50000   0.04723
  -0.40000   0.04412
  -0.30000   0.04184
  -0.20000   0.04671
  -0.10000   0.05172
   0.00000   0.06205
   0.10000   0.06994
   0.20000   0.06512
   0.30000   0.07525
   0.40000   0.08795
   0.50000   0.07411
   0.60000   0.06773
   0.70000   0.06657
   0.80000   0.03925
   0.90000   0.00950
   1.00000   0.00000
   1.10000   0.00000
   1.20000   0.00000
   1.30000   0.00000
   1.40000   0.00000
   1.50000   0.00000
   1.60000   0.00000
   1.70000   0.00000
   1.80000   0.00000
   1.90000   0.00000
   2.00000   0.00000
   2.10000   0.00000
   2.20000   0.00000
   2.30000   0.00000
   2.40000   0.00000
   2.50000   0.00000
   2.60000   0.00000
   2.70000   0.00000
   2.80000   0.00000
   2.90000   0.00000
   3.00000   0.00000
