 2-propenoicacid-1-methylethylester sigma-profile (sigma [e/nm^2], p(sigma)*At [nm^2])
  -3.00000   0.00000
  -2.90000   0.00000
  -2.80000   0.00000
  -2.70000   0.00000
  -2.60000   0.00000
  -2.50000   0.00000
  -2.40000   0.00000
  -2.30000   0.00000
  -2.20000   0.00000
  -2.10000   0.00000
  -2.00000   0.00000
  -1.90000   0.00000
  -1.80000   0.00000
  -1.70000   0.00000
  -1.60000   0.00000
  -1.50000   0.00000
  -1.40000   0.00000
  -1.30000   0.00000
  -1.20000   0.00000
  -1.10000   0.00000
  -1.00000   0.00298
  -0.90000   0.01650
  -0.80000   0.03412
  -0.70000   0.05459
  -0.60000   0.09293
  -0.50000   0.12397
  -0.40000   0.13325
  -0.30000   0.14423
  -0.20000   0.14382
  -0.10000   0.13534
   0.00000   0.15052
   0.10000   0.15673
   0.20000   0.11409
   0.30000   0.06437
   0.40000   0.04364
   0.50000   0.03266
   0.60000   0.02258
   0.70000   0.01793
   0.80000   0.01618
   0.90000   0.01797
   1.00000   0.02332
   1.10000   0.02609
   1.20000   0.02949
   1.30000   0.03367
   1.40000   0.02699
   1.50000   0.01276
   1.60000   0.00302
   1.70000   0.00011
   1.80000   0.00000
   1.90000   0.00000
   2.00000   0.00000
   2.10000   0.00000
   2.20000   0.00000
   2.30000   0.00000
   2.40000   0.00000
   2.50000   0.00000
   2.60000   0.00000
   2.70000   0.00000
   2.80000   0.00000
   2.90000   0.00000
   3.00000   0.00000
