 salicylicacid sigma-profile (sigma [e/nm^2], p(sigma)*At [nm^2])
  -3.00000   0.00000
  -2.90000   0.00000
  -2.80000   0.00000
  -2.70000   0.00000
  -2.60000   0.00000
  -2.50000   0.00000
  -2.40000   0.00000
  -2.30000   0.00000
  -2.20000   0.00048
  -2.10000   0.00502
  -2.00000   0.01157
  -1.90000   0.01331
  -1.80000   0.01124
  -1.70000   0.00704
  -1.60000   0.00380
  -1.50000   0.00594
  -1.40000   0.00808
  -1.30000   0.00613
  -1.20000   0.00573
  -1.10000   0.00695
  -1.00000   0.00826
  -0.90000   0.02420
  -0.80000   0.05254
  -0.70000   0.06336
  -0.60000   0.05864
  -0.50000   0.06440
  -0.40000   0.07940
  -0.30000   0.08562
  -0.20000   0.08446
  -0.10000   0.08762
   0.00000   0.09774
   0.10000   0.10864
   0.20000   0.11387
   0.30000   0.11950
   0.40000   0.10760
   0.50000   0.07094
   0.60000   0.04512
   0.70000   0.03759
   0.80000   0.03555
   0.90000   0.03559
   1.00000   0.03365
   1.10000   0.03232
   1.20000   0.03088
   1.30000   0.02132
   1.40000   0.00773
   1.50000   0.00086
   1.60000   0.00000
   1.70000   0.00000
   1.80000   0.00000
   1.90000   0.00000
   2.00000   0.00000
   2.10000   0.00000
   2.20000   0.00000
   2.30000   0.00000
   2.40000   0.00000
   2.50000   0.00000
   2.60000   0.00000
   2.70000   0.00000
   2.80000   0.00000
   2.90000   0.00000
   3.00000   0.00000
