 cis-4-methyl-2-pentene sigma-profile (sigma [e/nm^2], p(sigma)*At [nm^2])
  -3.00000   0.00000
  -2.90000   0.00000
  -2.80000   0.00000
  -2.70000   0.00000
  -2.60000   0.00000
  -2.50000   0.00000
  -2.40000   0.00000
  -2.30000   0.00000
  -2.20000   0.00000
  -2.10000   0.00000
  -2.00000   0.00000
  -1.90000   0.00000
  -1.80000   0.00000
  -1.70000   0.00000
  -1.60000   0.00000
  -1.50000   0.00000
  -1.40000   0.00000
  -1.30000   0.00000
  -1.20000   0.00000
  -1.10000   0.00000
  -1.00000   0.00000
  -0.90000   0.00000
  -0.80000   0.00003
  -0.70000   0.00392
  -0.60000   0.02948
  -0.50000   0.08796
  -0.40000   0.13885
  -0.30000   0.14717
  -0.20000   0.14426
  -0.10000   0.14351
   0.00000   0.14414
   0.10000   0.16526
   0.20000   0.17666
   0.30000   0.13361
   0.40000   0.06536
   0.50000   0.02947
   0.60000   0.02387
   0.70000   0.02293
   0.80000   0.01940
   0.90000   0.01504
   1.00000   0.01048
   1.10000   0.00390
   1.20000   0.00025
   1.30000   0.00000
   1.40000   0.00000
   1.50000   0.00000
   1.60000   0.00000
   1.70000   0.00000
   1.80000   0.00000
   1.90000   0.00000
   2.00000   0.00000
   2.10000   0.00000
   2.20000   0.00000
   2.30000   0.00000
   2.40000   0.00000
   2.50000   0.00000
   2.60000   0.00000
   2.70000   0.00000
   2.80000   0.00000
   2.90000   0.00000
   3.00000   0.00000
