 vinylformate sigma-profile (sigma [e/nm^2], p(sigma)*At [nm^2])
  -3.00000   0.00000
  -2.90000   0.00000
  -2.80000   0.00000
  -2.70000   0.00000
  -2.60000   0.00000
  -2.50000   0.00000
  -2.40000   0.00000
  -2.30000   0.00000
  -2.20000   0.00000
  -2.10000   0.00000
  -2.00000   0.00000
  -1.90000   0.00000
  -1.80000   0.00000
  -1.70000   0.00000
  -1.60000   0.00000
  -1.50000   0.00000
  -1.40000   0.00000
  -1.30000   0.00004
  -1.20000   0.00635
  -1.10000   0.01914
  -1.00000   0.02815
  -0.90000   0.03638
  -0.80000   0.04925
  -0.70000   0.05608
  -0.60000   0.05806
  -0.50000   0.06215
  -0.40000   0.05938
  -0.30000   0.05725
  -0.20000   0.06163
  -0.10000   0.05979
   0.00000   0.05334
   0.10000   0.05136
   0.20000   0.05461
   0.30000   0.05728
   0.40000   0.05249
   0.50000   0.04439
   0.60000   0.03678
   0.70000   0.02928
   0.80000   0.02625
   0.90000   0.02648
   1.00000   0.03094
   1.10000   0.03494
   1.20000   0.02717
   1.30000   0.01397
   1.40000   0.00539
   1.50000   0.00126
   1.60000   0.00000
   1.70000   0.00000
   1.80000   0.00000
   1.90000   0.00000
   2.00000   0.00000
   2.10000   0.00000
   2.20000   0.00000
   2.30000   0.00000
   2.40000   0.00000
   2.50000   0.00000
   2.60000   0.00000
   2.70000   0.00000
   2.80000   0.00000
   2.90000   0.00000
   3.00000   0.00000
