 methylnorbornene sigma-profile (sigma [e/nm^2], p(sigma)*At [nm^2])
  -3.00000   0.00000
  -2.90000   0.00000
  -2.80000   0.00000
  -2.70000   0.00000
  -2.60000   0.00000
  -2.50000   0.00000
  -2.40000   0.00000
  -2.30000   0.00000
  -2.20000   0.00000
  -2.10000   0.00000
  -2.00000   0.00000
  -1.90000   0.00000
  -1.80000   0.00000
  -1.70000   0.00000
  -1.60000   0.00000
  -1.50000   0.00000
  -1.40000   0.00000
  -1.30000   0.00000
  -1.20000   0.00000
  -1.10000   0.00000
  -1.00000   0.00000
  -0.90000   0.00000
  -0.80000   0.00010
  -0.70000   0.00347
  -0.60000   0.02316
  -0.50000   0.07580
  -0.40000   0.13253
  -0.30000   0.15356
  -0.20000   0.15543
  -0.10000   0.14919
   0.00000   0.16094
   0.10000   0.20317
   0.20000   0.20670
   0.30000   0.14007
   0.40000   0.05939
   0.50000   0.02399
   0.60000   0.02119
   0.70000   0.01898
   0.80000   0.01457
   0.90000   0.00864
   1.00000   0.00602
   1.10000   0.00505
   1.20000   0.00216
   1.30000   0.00027
   1.40000   0.00000
   1.50000   0.00000
   1.60000   0.00000
   1.70000   0.00000
   1.80000   0.00000
   1.90000   0.00000
   2.00000   0.00000
   2.10000   0.00000
   2.20000   0.00000
   2.30000   0.00000
   2.40000   0.00000
   2.50000   0.00000
   2.60000   0.00000
   2.70000   0.00000
   2.80000   0.00000
   2.90000   0.00000
   3.00000   0.00000
