 1-butanol sigma-profile (sigma [e/nm^2], p(sigma)*At [nm^2])
  -3.00000   0.00000
  -2.90000   0.00000
  -2.80000   0.00000
  -2.70000   0.00000
  -2.60000   0.00000
  -2.50000   0.00000
  -2.40000   0.00000
  -2.30000   0.00000
  -2.20000   0.00000
  -2.10000   0.00000
  -2.00000   0.00000
  -1.90000   0.00000
  -1.80000   0.00160
  -1.70000   0.00632
  -1.60000   0.01034
  -1.50000   0.01006
  -1.40000   0.00811
  -1.30000   0.00731
  -1.20000   0.00695
  -1.10000   0.00621
  -1.00000   0.00640
  -0.90000   0.00624
  -0.80000   0.00465
  -0.70000   0.00629
  -0.60000   0.02001
  -0.50000   0.06172
  -0.40000   0.11758
  -0.30000   0.13752
  -0.20000   0.12903
  -0.10000   0.12661
   0.00000   0.12338
   0.10000   0.11645
   0.20000   0.10657
   0.30000   0.07841
   0.40000   0.03433
   0.50000   0.00866
   0.60000   0.00830
   0.70000   0.01143
   0.80000   0.01024
   0.90000   0.00756
   1.00000   0.00643
   1.10000   0.00861
   1.20000   0.01405
   1.30000   0.01501
   1.40000   0.01137
   1.50000   0.01419
   1.60000   0.02007
   1.70000   0.01716
   1.80000   0.00808
   1.90000   0.00170
   2.00000   0.00000
   2.10000   0.00000
   2.20000   0.00000
   2.30000   0.00000
   2.40000   0.00000
   2.50000   0.00000
   2.60000   0.00000
   2.70000   0.00000
   2.80000   0.00000
   2.90000   0.00000
   3.00000   0.00000
