 dicyclohexylsulfide sigma-profile (sigma [e/nm^2], p(sigma)*At [nm^2])
  -3.00000   0.00000
  -2.90000   0.00000
  -2.80000   0.00000
  -2.70000   0.00000
  -2.60000   0.00000
  -2.50000   0.00000
  -2.40000   0.00000
  -2.30000   0.00000
  -2.20000   0.00000
  -2.10000   0.00000
  -2.00000   0.00000
  -1.90000   0.00000
  -1.80000   0.00000
  -1.70000   0.00000
  -1.60000   0.00000
  -1.50000   0.00000
  -1.40000   0.00000
  -1.30000   0.00000
  -1.20000   0.00000
  -1.10000   0.00000
  -1.00000   0.00000
  -0.90000   0.00000
  -0.80000   0.00000
  -0.70000   0.00577
  -0.60000   0.02473
  -0.50000   0.09391
  -0.40000   0.22125
  -0.30000   0.30128
  -0.20000   0.30966
  -0.10000   0.31210
   0.00000   0.30717
   0.10000   0.28548
   0.20000   0.22835
   0.30000   0.13249
   0.40000   0.04989
   0.50000   0.02036
   0.60000   0.02596
   0.70000   0.03135
   0.80000   0.02809
   0.90000   0.02247
   1.00000   0.01960
   1.10000   0.01815
   1.20000   0.01629
   1.30000   0.01536
   1.40000   0.01364
   1.50000   0.00802
   1.60000   0.00210
   1.70000   0.00000
   1.80000   0.00000
   1.90000   0.00000
   2.00000   0.00000
   2.10000   0.00000
   2.20000   0.00000
   2.30000   0.00000
   2.40000   0.00000
   2.50000   0.00000
   2.60000   0.00000
   2.70000   0.00000
   2.80000   0.00000
   2.90000   0.00000
   3.00000   0.00000
