 bromoethane sigma-profile (sigma [e/nm^2], p(sigma)*At [nm^2])
  -3.00000   0.00000
  -2.90000   0.00000
  -2.80000   0.00000
  -2.70000   0.00000
  -2.60000   0.00000
  -2.50000   0.00000
  -2.40000   0.00000
  -2.30000   0.00000
  -2.20000   0.00000
  -2.10000   0.00000
  -2.00000   0.00000
  -1.90000   0.00000
  -1.80000   0.00000
  -1.70000   0.00000
  -1.60000   0.00000
  -1.50000   0.00000
  -1.40000   0.00000
  -1.30000   0.00000
  -1.20000   0.00000
  -1.10000   0.00000
  -1.00000   0.00096
  -0.90000   0.01132
  -0.80000   0.02879
  -0.70000   0.04514
  -0.60000   0.06200
  -0.50000   0.07242
  -0.40000   0.07982
  -0.30000   0.08345
  -0.20000   0.07650
  -0.10000   0.07229
   0.00000   0.07175
   0.10000   0.05993
   0.20000   0.04343
   0.30000   0.03851
   0.40000   0.03954
   0.50000   0.04404
   0.60000   0.06195
   0.70000   0.07876
   0.80000   0.05842
   0.90000   0.01729
   1.00000   0.00000
   1.10000   0.00000
   1.20000   0.00000
   1.30000   0.00000
   1.40000   0.00000
   1.50000   0.00000
   1.60000   0.00000
   1.70000   0.00000
   1.80000   0.00000
   1.90000   0.00000
   2.00000   0.00000
   2.10000   0.00000
   2.20000   0.00000
   2.30000   0.00000
   2.40000   0.00000
   2.50000   0.00000
   2.60000   0.00000
   2.70000   0.00000
   2.80000   0.00000
   2.90000   0.00000
   3.00000   0.00000
