 chloroethane sigma-profile (sigma [e/nm^2], p(sigma)*At [nm^2])
  -3.00000   0.00000
  -2.90000   0.00000
  -2.80000   0.00000
  -2.70000   0.00000
  -2.60000   0.00000
  -2.50000   0.00000
  -2.40000   0.00000
  -2.30000   0.00000
  -2.20000   0.00000
  -2.10000   0.00000
  -2.00000   0.00000
  -1.90000   0.00000
  -1.80000   0.00000
  -1.70000   0.00000
  -1.60000   0.00000
  -1.50000   0.00000
  -1.40000   0.00000
  -1.30000   0.00000
  -1.20000   0.00000
  -1.10000   0.00000
  -1.00000   0.00020
  -0.90000   0.00912
  -0.80000   0.02748
  -0.70000   0.04566
  -0.60000   0.06318
  -0.50000   0.07428
  -0.40000   0.07882
  -0.30000   0.07678
  -0.20000   0.06824
  -0.10000   0.06415
   0.00000   0.06633
   0.10000   0.06414
   0.20000   0.04262
   0.30000   0.02582
   0.40000   0.03605
   0.50000   0.04113
   0.60000   0.04512
   0.70000   0.07014
   0.80000   0.06718
   0.90000   0.02549
   1.00000   0.00151
   1.10000   0.00000
   1.20000   0.00000
   1.30000   0.00000
   1.40000   0.00000
   1.50000   0.00000
   1.60000   0.00000
   1.70000   0.00000
   1.80000   0.00000
   1.90000   0.00000
   2.00000   0.00000
   2.10000   0.00000
   2.20000   0.00000
   2.30000   0.00000
   2.40000   0.00000
   2.50000   0.00000
   2.60000   0.00000
   2.70000   0.00000
   2.80000   0.00000
   2.90000   0.00000
   3.00000   0.00000
