 acetonitrile sigma-profile (sigma [e/nm^2], p(sigma)*At [nm^2])
  -3.00000   0.00000
  -2.90000   0.00000
  -2.80000   0.00000
  -2.70000   0.00000
  -2.60000   0.00000
  -2.50000   0.00000
  -2.40000   0.00000
  -2.30000   0.00000
  -2.20000   0.00000
  -2.10000   0.00000
  -2.00000   0.00000
  -1.90000   0.00000
  -1.80000   0.00000
  -1.70000   0.00000
  -1.60000   0.00000
  -1.50000   0.00000
  -1.40000   0.00000
  -1.30000   0.00000
  -1.20000   0.00000
  -1.10000   0.01064
  -1.00000   0.03825
  -0.90000   0.05431
  -0.80000   0.04958
  -0.70000   0.04259
  -0.60000   0.04376
  -0.50000   0.06556
  -0.40000   0.07915
  -0.30000   0.05269
  -0.20000   0.02714
  -0.10000   0.02646
   0.00000   0.01828
   0.10000   0.00736
   0.20000   0.01444
   0.30000   0.01992
   0.40000   0.01642
   0.50000   0.01503
   0.60000   0.01371
   0.70000   0.02040
   0.80000   0.03280
   0.90000   0.03608
   1.00000   0.03477
   1.10000   0.03312
   1.20000   0.02773
   1.30000   0.02219
   1.40000   0.01819
   1.50000   0.01023
   1.60000   0.00239
   1.70000   0.00002
   1.80000   0.00000
   1.90000   0.00000
   2.00000   0.00000
   2.10000   0.00000
   2.20000   0.00000
   2.30000   0.00000
   2.40000   0.00000
   2.50000   0.00000
   2.60000   0.00000
   2.70000   0.00000
   2.80000   0.00000
   2.90000   0.00000
   3.00000   0.00000
