 difluoromethane sigma-profile (sigma [e/nm^2], p(sigma)*At [nm^2])
  -3.00000   0.00000
  -2.90000   0.00000
  -2.80000   0.00000
  -2.70000   0.00000
  -2.60000   0.00000
  -2.50000   0.00000
  -2.40000   0.00000
  -2.30000   0.00000
  -2.20000   0.00000
  -2.10000   0.00000
  -2.00000   0.00000
  -1.90000   0.00000
  -1.80000   0.00000
  -1.70000   0.00000
  -1.60000   0.00000
  -1.50000   0.00000
  -1.40000   0.00000
  -1.30000   0.00000
  -1.20000   0.00000
  -1.10000   0.01156
  -1.00000   0.03931
  -0.90000   0.05084
  -0.80000   0.04104
  -0.70000   0.03969
  -0.60000   0.03653
  -0.50000   0.02417
  -0.40000   0.02068
  -0.30000   0.01991
  -0.20000   0.01228
  -0.10000   0.00753
   0.00000   0.01085
   0.10000   0.01771
   0.20000   0.02486
   0.30000   0.03303
   0.40000   0.05441
   0.50000   0.10198
   0.60000   0.11801
   0.70000   0.06059
   0.80000   0.00905
   0.90000   0.00000
   1.00000   0.00000
   1.10000   0.00000
   1.20000   0.00000
   1.30000   0.00000
   1.40000   0.00000
   1.50000   0.00000
   1.60000   0.00000
   1.70000   0.00000
   1.80000   0.00000
   1.90000   0.00000
   2.00000   0.00000
   2.10000   0.00000
   2.20000   0.00000
   2.30000   0.00000
   2.40000   0.00000
   2.50000   0.00000
   2.60000   0.00000
   2.70000   0.00000
   2.80000   0.00000
   2.90000   0.00000
   3.00000   0.00000
