 dimethylsulfide sigma-profile (sigma [e/nm^2], p(sigma)*At [nm^2])
  -3.00000   0.00000
  -2.90000   0.00000
  -2.80000   0.00000
  -2.70000   0.00000
  -2.60000   0.00000
  -2.50000   0.00000
  -2.40000   0.00000
  -2.30000   0.00000
  -2.20000   0.00000
  -2.10000   0.00000
  -2.00000   0.00000
  -1.90000   0.00000
  -1.80000   0.00000
  -1.70000   0.00000
  -1.60000   0.00000
  -1.50000   0.00000
  -1.40000   0.00000
  -1.30000   0.00000
  -1.20000   0.00000
  -1.10000   0.00000
  -1.00000   0.00000
  -0.90000   0.00156
  -0.80000   0.01643
  -0.70000   0.05200
  -0.60000   0.07989
  -0.50000   0.08172
  -0.40000   0.07813
  -0.30000   0.07158
  -0.20000   0.07528
  -0.10000   0.10563
   0.00000   0.11152
   0.10000   0.07164
   0.20000   0.03814
   0.30000   0.02925
   0.40000   0.02511
   0.50000   0.02476
   0.60000   0.02998
   0.70000   0.02959
   0.80000   0.02404
   0.90000   0.02023
   1.00000   0.01892
   1.10000   0.01935
   1.20000   0.01887
   1.30000   0.01520
   1.40000   0.00781
   1.50000   0.00161
   1.60000   0.00000
   1.70000   0.00000
   1.80000   0.00000
   1.90000   0.00000
   2.00000   0.00000
   2.10000   0.00000
   2.20000   0.00000
   2.30000   0.00000
   2.40000   0.00000
   2.50000   0.00000
   2.60000   0.00000
   2.70000   0.00000
   2.80000   0.00000
   2.90000   0.00000
   3.00000   0.00000
