 2-chloropropane sigma-profile (sigma [e/nm^2], p(sigma)*At [nm^2])
  -3.00000   0.00000
  -2.90000   0.00000
  -2.80000   0.00000
  -2.70000   0.00000
  -2.60000   0.00000
  -2.50000   0.00000
  -2.40000   0.00000
  -2.30000   0.00000
  -2.20000   0.00000
  -2.10000   0.00000
  -2.00000   0.00000
  -1.90000   0.00000
  -1.80000   0.00000
  -1.70000   0.00000
  -1.60000   0.00000
  -1.50000   0.00000
  -1.40000   0.00000
  -1.30000   0.00000
  -1.20000   0.00000
  -1.10000   0.00000
  -1.00000   0.00000
  -0.90000   0.00303
  -0.80000   0.01352
  -0.70000   0.04071
  -0.60000   0.08057
  -0.50000   0.10181
  -0.40000   0.09947
  -0.30000   0.08838
  -0.20000   0.07894
  -0.10000   0.08654
   0.00000   0.10334
   0.10000   0.09658
   0.20000   0.05823
   0.30000   0.03025
   0.40000   0.03423
   0.50000   0.04002
   0.60000   0.03917
   0.70000   0.05887
   0.80000   0.07161
   0.90000   0.04149
   1.00000   0.00861
   1.10000   0.00000
   1.20000   0.00000
   1.30000   0.00000
   1.40000   0.00000
   1.50000   0.00000
   1.60000   0.00000
   1.70000   0.00000
   1.80000   0.00000
   1.90000   0.00000
   2.00000   0.00000
   2.10000   0.00000
   2.20000   0.00000
   2.30000   0.00000
   2.40000   0.00000
   2.50000   0.00000
   2.60000   0.00000
   2.70000   0.00000
   2.80000   0.00000
   2.90000   0.00000
   3.00000   0.00000
