 2-bromopropane sigma-profile (sigma [e/nm^2], p(sigma)*At [nm^2])
  -3.00000   0.00000
  -2.90000   0.00000
  -2.80000   0.00000
  -2.70000   0.00000
  -2.60000   0.00000
  -2.50000   0.00000
  -2.40000   0.00000
  -2.30000   0.00000
  -2.20000   0.00000
  -2.10000   0.00000
  -2.00000   0.00000
  -1.90000   0.00000
  -1.80000   0.00000
  -1.70000   0.00000
  -1.60000   0.00000
  -1.50000   0.00000
  -1.40000   0.00000
  -1.30000   0.00000
  -1.20000   0.00000
  -1.10000   0.00000
  -1.00000   0.00001
  -0.90000   0.00434
  -0.80000   0.01539
  -0.70000   0.04147
  -0.60000   0.08175
  -0.50000   0.10249
  -0.40000   0.09951
  -0.30000   0.09017
  -0.20000   0.08513
  -0.10000   0.09562
   0.00000   0.11016
   0.10000   0.09657
   0.20000   0.05336
   0.30000   0.03517
   0.40000   0.04200
   0.50000   0.04211
   0.60000   0.04964
   0.70000   0.07372
   0.80000   0.07380
   0.90000   0.03102
   1.00000   0.00191
   1.10000   0.00000
   1.20000   0.00000
   1.30000   0.00000
   1.40000   0.00000
   1.50000   0.00000
   1.60000   0.00000
   1.70000   0.00000
   1.80000   0.00000
   1.90000   0.00000
   2.00000   0.00000
   2.10000   0.00000
   2.20000   0.00000
   2.30000   0.00000
   2.40000   0.00000
   2.50000   0.00000
   2.60000   0.00000
   2.70000   0.00000
   2.80000   0.00000
   2.90000   0.00000
   3.00000   0.00000
