 trimethylaluminum sigma-profile (sigma [e/nm^2], p(sigma)*At [nm^2])
  -3.00000   0.00000
  -2.90000   0.00000
  -2.80000   0.00000
  -2.70000   0.00000
  -2.60000   0.00000
  -2.50000   0.00000
  -2.40000   0.00000
  -2.30000   0.00000
  -2.20000   0.00000
  -2.10000   0.00000
  -2.00000   0.00000
  -1.90000   0.00000
  -1.80000   0.00000
  -1.70000   0.00131
  -1.60000   0.00484
  -1.50000   0.00962
  -1.40000   0.01284
  -1.30000   0.01206
  -1.20000   0.00871
  -1.10000   0.00569
  -1.00000   0.00816
  -0.90000   0.01564
  -0.80000   0.01869
  -0.70000   0.01365
  -0.60000   0.00865
  -0.50000   0.03063
  -0.40000   0.08292
  -0.30000   0.12108
  -0.20000   0.12212
  -0.10000   0.11110
   0.00000   0.10932
   0.10000   0.10902
   0.20000   0.11163
   0.30000   0.11701
   0.40000   0.10252
   0.50000   0.07810
   0.60000   0.05826
   0.70000   0.03990
   0.80000   0.02869
   0.90000   0.01333
   1.00000   0.00083
   1.10000   0.00000
   1.20000   0.00000
   1.30000   0.00000
   1.40000   0.00000
   1.50000   0.00000
   1.60000   0.00000
   1.70000   0.00000
   1.80000   0.00000
   1.90000   0.00000
   2.00000   0.00000
   2.10000   0.00000
   2.20000   0.00000
   2.30000   0.00000
   2.40000   0.00000
   2.50000   0.00000
   2.60000   0.00000
   2.70000   0.00000
   2.80000   0.00000
   2.90000   0.00000
   3.00000   0.00000
