 chbr3 sigma-profile (sigma [e/nm^2], p(sigma)*At [nm^2])
  -3.00000   0.00000
  -2.90000   0.00000
  -2.80000   0.00000
  -2.70000   0.00000
  -2.60000   0.00000
  -2.50000   0.00000
  -2.40000   0.00000
  -2.30000   0.00000
  -2.20000   0.00000
  -2.10000   0.00000
  -2.00000   0.00000
  -1.90000   0.00000
  -1.80000   0.00000
  -1.70000   0.00000
  -1.60000   0.00000
  -1.50000   0.00288
  -1.40000   0.01169
  -1.30000   0.01853
  -1.20000   0.01583
  -1.10000   0.00972
  -1.00000   0.00892
  -0.90000   0.01233
  -0.80000   0.01992
  -0.70000   0.02874
  -0.60000   0.03656
  -0.50000   0.05573
  -0.40000   0.06059
  -0.30000   0.04549
  -0.20000   0.05934
  -0.10000   0.07934
   0.00000   0.07417
   0.10000   0.10304
   0.20000   0.16531
   0.30000   0.22550
   0.40000   0.21161
   0.50000   0.08359
   0.60000   0.00092
   0.70000   0.00000
   0.80000   0.00000
   0.90000   0.00000
   1.00000   0.00000
   1.10000   0.00000
   1.20000   0.00000
   1.30000   0.00000
   1.40000   0.00000
   1.50000   0.00000
   1.60000   0.00000
   1.70000   0.00000
   1.80000   0.00000
   1.90000   0.00000
   2.00000   0.00000
   2.10000   0.00000
   2.20000   0.00000
   2.30000   0.00000
   2.40000   0.00000
   2.50000   0.00000
   2.60000   0.00000
   2.70000   0.00000
   2.80000   0.00000
   2.90000   0.00000
   3.00000   0.00000
