 1,1-difluoroethane sigma-profile (sigma [e/nm^2], p(sigma)*At [nm^2])
  -3.00000   0.00000
  -2.90000   0.00000
  -2.80000   0.00000
  -2.70000   0.00000
  -2.60000   0.00000
  -2.50000   0.00000
  -2.40000   0.00000
  -2.30000   0.00000
  -2.20000   0.00000
  -2.10000   0.00000
  -2.00000   0.00000
  -1.90000   0.00000
  -1.80000   0.00000
  -1.70000   0.00000
  -1.60000   0.00000
  -1.50000   0.00000
  -1.40000   0.00000
  -1.30000   0.00000
  -1.20000   0.00000
  -1.10000   0.00223
  -1.00000   0.01326
  -0.90000   0.02922
  -0.80000   0.04630
  -0.70000   0.06343
  -0.60000   0.06388
  -0.50000   0.05260
  -0.40000   0.04425
  -0.30000   0.04257
  -0.20000   0.05011
  -0.10000   0.05345
   0.00000   0.04104
   0.10000   0.02443
   0.20000   0.02223
   0.30000   0.02830
   0.40000   0.03855
   0.50000   0.07137
   0.60000   0.11315
   0.70000   0.09935
   0.80000   0.03574
   0.90000   0.00155
   1.00000   0.00000
   1.10000   0.00000
   1.20000   0.00000
   1.30000   0.00000
   1.40000   0.00000
   1.50000   0.00000
   1.60000   0.00000
   1.70000   0.00000
   1.80000   0.00000
   1.90000   0.00000
   2.00000   0.00000
   2.10000   0.00000
   2.20000   0.00000
   2.30000   0.00000
   2.40000   0.00000
   2.50000   0.00000
   2.60000   0.00000
   2.70000   0.00000
   2.80000   0.00000
   2.90000   0.00000
   3.00000   0.00000
