 2-iodopropane sigma-profile (sigma [e/nm^2], p(sigma)*At [nm^2])
  -3.00000   0.00000
  -2.90000   0.00000
  -2.80000   0.00000
  -2.70000   0.00000
  -2.60000   0.00000
  -2.50000   0.00000
  -2.40000   0.00000
  -2.30000   0.00000
  -2.20000   0.00000
  -2.10000   0.00000
  -2.00000   0.00000
  -1.90000   0.00000
  -1.80000   0.00000
  -1.70000   0.00000
  -1.60000   0.00000
  -1.50000   0.00000
  -1.40000   0.00000
  -1.30000   0.00000
  -1.20000   0.00000
  -1.10000   0.00000
  -1.00000   0.00003
  -0.90000   0.00395
  -0.80000   0.01353
  -0.70000   0.03871
  -0.60000   0.08029
  -0.50000   0.10311
  -0.40000   0.10607
  -0.30000   0.10237
  -0.20000   0.09377
  -0.10000   0.10219
   0.00000   0.11335
   0.10000   0.09948
   0.20000   0.06973
   0.30000   0.04384
   0.40000   0.04325
   0.50000   0.06100
   0.60000   0.08342
   0.70000   0.09064
   0.80000   0.04864
   0.90000   0.00676
   1.00000   0.00000
   1.10000   0.00000
   1.20000   0.00000
   1.30000   0.00000
   1.40000   0.00000
   1.50000   0.00000
   1.60000   0.00000
   1.70000   0.00000
   1.80000   0.00000
   1.90000   0.00000
   2.00000   0.00000
   2.10000   0.00000
   2.20000   0.00000
   2.30000   0.00000
   2.40000   0.00000
   2.50000   0.00000
   2.60000   0.00000
   2.70000   0.00000
   2.80000   0.00000
   2.90000   0.00000
   3.00000   0.00000
