 1,1-dichloroethane sigma-profile (sigma [e/nm^2], p(sigma)*At [nm^2])
  -3.00000   0.00000
  -2.90000   0.00000
  -2.80000   0.00000
  -2.70000   0.00000
  -2.60000   0.00000
  -2.50000   0.00000
  -2.40000   0.00000
  -2.30000   0.00000
  -2.20000   0.00000
  -2.10000   0.00000
  -2.00000   0.00000
  -1.90000   0.00000
  -1.80000   0.00000
  -1.70000   0.00000
  -1.60000   0.00000
  -1.50000   0.00000
  -1.40000   0.00000
  -1.30000   0.00032
  -1.20000   0.00729
  -1.10000   0.01780
  -1.00000   0.01804
  -0.90000   0.01881
  -0.80000   0.03736
  -0.70000   0.05660
  -0.60000   0.05715
  -0.50000   0.05024
  -0.40000   0.04958
  -0.30000   0.05620
  -0.20000   0.07439
  -0.10000   0.08295
   0.00000   0.06113
   0.10000   0.05635
   0.20000   0.06976
   0.30000   0.06495
   0.40000   0.08610
   0.50000   0.13794
   0.60000   0.12608
   0.70000   0.04677
   0.80000   0.00205
   0.90000   0.00000
   1.00000   0.00000
   1.10000   0.00000
   1.20000   0.00000
   1.30000   0.00000
   1.40000   0.00000
   1.50000   0.00000
   1.60000   0.00000
   1.70000   0.00000
   1.80000   0.00000
   1.90000   0.00000
   2.00000   0.00000
   2.10000   0.00000
   2.20000   0.00000
   2.30000   0.00000
   2.40000   0.00000
   2.50000   0.00000
   2.60000   0.00000
   2.70000   0.00000
   2.80000   0.00000
   2.90000   0.00000
   3.00000   0.00000
