 chf3 sigma-profile (sigma [e/nm^2], p(sigma)*At [nm^2])
  -3.00000   0.00000
  -2.90000   0.00000
  -2.80000   0.00000
  -2.70000   0.00000
  -2.60000   0.00000
  -2.50000   0.00000
  -2.40000   0.00000
  -2.30000   0.00000
  -2.20000   0.00000
  -2.10000   0.00000
  -2.00000   0.00000
  -1.90000   0.00000
  -1.80000   0.00000
  -1.70000   0.00000
  -1.60000   0.00000
  -1.50000   0.00000
  -1.40000   0.01040
  -1.30000   0.02655
  -1.20000   0.02581
  -1.10000   0.01753
  -1.00000   0.01485
  -0.90000   0.01221
  -0.80000   0.01093
  -0.70000   0.01420
  -0.60000   0.01544
  -0.50000   0.00979
  -0.40000   0.00737
  -0.30000   0.01229
  -0.20000   0.01869
  -0.10000   0.02823
   0.00000   0.03409
   0.10000   0.04567
   0.20000   0.10529
   0.30000   0.18169
   0.40000   0.15808
   0.50000   0.05412
   0.60000   0.00133
   0.70000   0.00000
   0.80000   0.00000
   0.90000   0.00000
   1.00000   0.00000
   1.10000   0.00000
   1.20000   0.00000
   1.30000   0.00000
   1.40000   0.00000
   1.50000   0.00000
   1.60000   0.00000
   1.70000   0.00000
   1.80000   0.00000
   1.90000   0.00000
   2.00000   0.00000
   2.10000   0.00000
   2.20000   0.00000
   2.30000   0.00000
   2.40000   0.00000
   2.50000   0.00000
   2.60000   0.00000
   2.70000   0.00000
   2.80000   0.00000
   2.90000   0.00000
   3.00000   0.00000
