 chfcl2 sigma-profile (sigma [e/nm^2], p(sigma)*At [nm^2])
  -3.00000   0.00000
  -2.90000   0.00000
  -2.80000   0.00000
  -2.70000   0.00000
  -2.60000   0.00000
  -2.50000   0.00000
  -2.40000   0.00000
  -2.30000   0.00000
  -2.20000   0.00000
  -2.10000   0.00000
  -2.00000   0.00000
  -1.90000   0.00000
  -1.80000   0.00000
  -1.70000   0.00000
  -1.60000   0.00000
  -1.50000   0.00316
  -1.40000   0.01447
  -1.30000   0.02328
  -1.20000   0.01843
  -1.10000   0.01140
  -1.00000   0.01016
  -0.90000   0.01102
  -0.80000   0.01195
  -0.70000   0.01148
  -0.60000   0.01575
  -0.50000   0.02687
  -0.40000   0.03845
  -0.30000   0.04363
  -0.20000   0.04066
  -0.10000   0.05396
   0.00000   0.07370
   0.10000   0.08439
   0.20000   0.13870
   0.30000   0.20706
   0.40000   0.16652
   0.50000   0.05371
   0.60000   0.00117
   0.70000   0.00000
   0.80000   0.00000
   0.90000   0.00000
   1.00000   0.00000
   1.10000   0.00000
   1.20000   0.00000
   1.30000   0.00000
   1.40000   0.00000
   1.50000   0.00000
   1.60000   0.00000
   1.70000   0.00000
   1.80000   0.00000
   1.90000   0.00000
   2.00000   0.00000
   2.10000   0.00000
   2.20000   0.00000
   2.30000   0.00000
   2.40000   0.00000
   2.50000   0.00000
   2.60000   0.00000
   2.70000   0.00000
   2.80000   0.00000
   2.90000   0.00000
   3.00000   0.00000
