 chf2cl sigma-profile (sigma [e/nm^2], p(sigma)*At [nm^2])
  -3.00000   0.00000
  -2.90000   0.00000
  -2.80000   0.00000
  -2.70000   0.00000
  -2.60000   0.00000
  -2.50000   0.00000
  -2.40000   0.00000
  -2.30000   0.00000
  -2.20000   0.00000
  -2.10000   0.00000
  -2.00000   0.00000
  -1.90000   0.00000
  -1.80000   0.00000
  -1.70000   0.00000
  -1.60000   0.00000
  -1.50000   0.00123
  -1.40000   0.01296
  -1.30000   0.02670
  -1.20000   0.02204
  -1.10000   0.01325
  -1.00000   0.01295
  -0.90000   0.01163
  -0.80000   0.01130
  -0.70000   0.01395
  -0.60000   0.01363
  -0.50000   0.01431
  -0.40000   0.02038
  -0.30000   0.03004
  -0.20000   0.03419
  -0.10000   0.03820
   0.00000   0.05225
   0.10000   0.07367
   0.20000   0.13002
   0.30000   0.19154
   0.40000   0.15503
   0.50000   0.05308
   0.60000   0.00288
   0.70000   0.00000
   0.80000   0.00000
   0.90000   0.00000
   1.00000   0.00000
   1.10000   0.00000
   1.20000   0.00000
   1.30000   0.00000
   1.40000   0.00000
   1.50000   0.00000
   1.60000   0.00000
   1.70000   0.00000
   1.80000   0.00000
   1.90000   0.00000
   2.00000   0.00000
   2.10000   0.00000
   2.20000   0.00000
   2.30000   0.00000
   2.40000   0.00000
   2.50000   0.00000
   2.60000   0.00000
   2.70000   0.00000
   2.80000   0.00000
   2.90000   0.00000
   3.00000   0.00000
