 trimethylamine sigma-profile (sigma [e/nm^2], p(sigma)*At [nm^2])
  -3.00000   0.00000
  -2.90000   0.00000
  -2.80000   0.00000
  -2.70000   0.00000
  -2.60000   0.00000
  -2.50000   0.00000
  -2.40000   0.00000
  -2.30000   0.00000
  -2.20000   0.00000
  -2.10000   0.00000
  -2.00000   0.00000
  -1.90000   0.00000
  -1.80000   0.00000
  -1.70000   0.00000
  -1.60000   0.00000
  -1.50000   0.00000
  -1.40000   0.00000
  -1.30000   0.00000
  -1.20000   0.00000
  -1.10000   0.00000
  -1.00000   0.00000
  -0.90000   0.00000
  -0.80000   0.00000
  -0.70000   0.00527
  -0.60000   0.03284
  -0.50000   0.07573
  -0.40000   0.09695
  -0.30000   0.10770
  -0.20000   0.12160
  -0.10000   0.12762
   0.00000   0.14772
   0.10000   0.15479
   0.20000   0.10549
   0.30000   0.04106
   0.40000   0.01000
   0.50000   0.00474
   0.60000   0.00753
   0.70000   0.01152
   0.80000   0.01026
   0.90000   0.00661
   1.00000   0.00472
   1.10000   0.00346
   1.20000   0.00205
   1.30000   0.00189
   1.40000   0.00445
   1.50000   0.00618
   1.60000   0.00568
   1.70000   0.00456
   1.80000   0.00247
   1.90000   0.00255
   2.00000   0.00499
   2.10000   0.00533
   2.20000   0.00325
   2.30000   0.00136
   2.40000   0.00038
   2.50000   0.00000
   2.60000   0.00000
   2.70000   0.00000
   2.80000   0.00000
   2.90000   0.00000
   3.00000   0.00000
