 2-methylaziridine sigma-profile (sigma [e/nm^2], p(sigma)*At [nm^2])
  -3.00000   0.00000
  -2.90000   0.00000
  -2.80000   0.00000
  -2.70000   0.00000
  -2.60000   0.00000
  -2.50000   0.00000
  -2.40000   0.00000
  -2.30000   0.00000
  -2.20000   0.00000
  -2.10000   0.00000
  -2.00000   0.00000
  -1.90000   0.00000
  -1.80000   0.00000
  -1.70000   0.00000
  -1.60000   0.00000
  -1.50000   0.00000
  -1.40000   0.00009
  -1.30000   0.00366
  -1.20000   0.01078
  -1.10000   0.01447
  -1.00000   0.01163
  -0.90000   0.00811
  -0.80000   0.01181
  -0.70000   0.03034
  -0.60000   0.06192
  -0.50000   0.08379
  -0.40000   0.08403
  -0.30000   0.07539
  -0.20000   0.07458
  -0.10000   0.08264
   0.00000   0.08847
   0.10000   0.09202
   0.20000   0.08105
   0.30000   0.05098
   0.40000   0.02891
   0.50000   0.01924
   0.60000   0.01102
   0.70000   0.00920
   0.80000   0.01204
   0.90000   0.01012
   1.00000   0.00591
   1.10000   0.00549
   1.20000   0.00844
   1.30000   0.01004
   1.40000   0.00846
   1.50000   0.00697
   1.60000   0.00637
   1.70000   0.00594
   1.80000   0.00676
   1.90000   0.00787
   2.00000   0.00734
   2.10000   0.00632
   2.20000   0.00467
   2.30000   0.00193
   2.40000   0.00026
   2.50000   0.00000
   2.60000   0.00000
   2.70000   0.00000
   2.80000   0.00000
   2.90000   0.00000
   3.00000   0.00000
