 2-amino-2-methylpropane sigma-profile (sigma [e/nm^2], p(sigma)*At [nm^2])
  -3.00000   0.00000
  -2.90000   0.00000
  -2.80000   0.00000
  -2.70000   0.00000
  -2.60000   0.00000
  -2.50000   0.00000
  -2.40000   0.00000
  -2.30000   0.00000
  -2.20000   0.00000
  -2.10000   0.00000
  -2.00000   0.00000
  -1.90000   0.00000
  -1.80000   0.00000
  -1.70000   0.00000
  -1.60000   0.00000
  -1.50000   0.00000
  -1.40000   0.00000
  -1.30000   0.00041
  -1.20000   0.00548
  -1.10000   0.01429
  -1.00000   0.01989
  -0.90000   0.02025
  -0.80000   0.01685
  -0.70000   0.01597
  -0.60000   0.03070
  -0.50000   0.07477
  -0.40000   0.12222
  -0.30000   0.12527
  -0.20000   0.11237
  -0.10000   0.10314
   0.00000   0.08455
   0.10000   0.10056
   0.20000   0.13933
   0.30000   0.12275
   0.40000   0.05425
   0.50000   0.01221
   0.60000   0.00630
   0.70000   0.00492
   0.80000   0.00591
   0.90000   0.00588
   1.00000   0.00500
   1.10000   0.00599
   1.20000   0.00648
   1.30000   0.00516
   1.40000   0.00469
   1.50000   0.00425
   1.60000   0.00457
   1.70000   0.00597
   1.80000   0.00538
   1.90000   0.00431
   2.00000   0.00499
   2.10000   0.00537
   2.20000   0.00435
   2.30000   0.00412
   2.40000   0.00499
   2.50000   0.00411
   2.60000   0.00147
   2.70000   0.00006
   2.80000   0.00000
   2.90000   0.00000
   3.00000   0.00000
