 2-hydroxy-2-methylpropanenitrile sigma-profile (sigma [e/nm^2], p(sigma)*At [nm^2])
  -3.00000   0.00000
  -2.90000   0.00000
  -2.80000   0.00000
  -2.70000   0.00000
  -2.60000   0.00000
  -2.50000   0.00000
  -2.40000   0.00000
  -2.30000   0.00000
  -2.20000   0.00000
  -2.10000   0.00000
  -2.00000   0.00235
  -1.90000   0.00693
  -1.80000   0.01008
  -1.70000   0.01113
  -1.60000   0.00896
  -1.50000   0.00646
  -1.40000   0.00751
  -1.30000   0.00730
  -1.20000   0.00462
  -1.10000   0.00531
  -1.00000   0.00846
  -0.90000   0.01293
  -0.80000   0.03811
  -0.70000   0.08020
  -0.60000   0.09248
  -0.50000   0.08062
  -0.40000   0.07239
  -0.30000   0.06927
  -0.20000   0.08696
  -0.10000   0.10601
   0.00000   0.08558
   0.10000   0.04464
   0.20000   0.02782
   0.30000   0.02959
   0.40000   0.02696
   0.50000   0.02318
   0.60000   0.02949
   0.70000   0.03887
   0.80000   0.04290
   0.90000   0.04734
   1.00000   0.04523
   1.10000   0.03591
   1.20000   0.03447
   1.30000   0.03658
   1.40000   0.02674
   1.50000   0.00987
   1.60000   0.00102
   1.70000   0.00000
   1.80000   0.00000
   1.90000   0.00000
   2.00000   0.00000
   2.10000   0.00000
   2.20000   0.00000
   2.30000   0.00000
   2.40000   0.00000
   2.50000   0.00000
   2.60000   0.00000
   2.70000   0.00000
   2.80000   0.00000
   2.90000   0.00000
   3.00000   0.00000
