 2-chloro-1,1,1-trifluoroethane sigma-profile (sigma [e/nm^2], p(sigma)*At [nm^2])
  -3.00000   0.00000
  -2.90000   0.00000
  -2.80000   0.00000
  -2.70000   0.00000
  -2.60000   0.00000
  -2.50000   0.00000
  -2.40000   0.00000
  -2.30000   0.00000
  -2.20000   0.00000
  -2.10000   0.00000
  -2.00000   0.00000
  -1.90000   0.00000
  -1.80000   0.00000
  -1.70000   0.00000
  -1.60000   0.00000
  -1.50000   0.00000
  -1.40000   0.00027
  -1.30000   0.01077
  -1.20000   0.03185
  -1.10000   0.03871
  -1.00000   0.02775
  -0.90000   0.02245
  -0.80000   0.02697
  -0.70000   0.02790
  -0.60000   0.02303
  -0.50000   0.02101
  -0.40000   0.02680
  -0.30000   0.03407
  -0.20000   0.03731
  -0.10000   0.03601
   0.00000   0.04786
   0.10000   0.10098
   0.20000   0.17868
   0.30000   0.20676
   0.40000   0.15867
   0.50000   0.08995
   0.60000   0.03452
   0.70000   0.00507
   0.80000   0.00000
   0.90000   0.00000
   1.00000   0.00000
   1.10000   0.00000
   1.20000   0.00000
   1.30000   0.00000
   1.40000   0.00000
   1.50000   0.00000
   1.60000   0.00000
   1.70000   0.00000
   1.80000   0.00000
   1.90000   0.00000
   2.00000   0.00000
   2.10000   0.00000
   2.20000   0.00000
   2.30000   0.00000
   2.40000   0.00000
   2.50000   0.00000
   2.60000   0.00000
   2.70000   0.00000
   2.80000   0.00000
   2.90000   0.00000
   3.00000   0.00000
