 2,2-dimethylbutane sigma-profile (sigma [e/nm^2], p(sigma)*At [nm^2])
  -3.00000   0.00000
  -2.90000   0.00000
  -2.80000   0.00000
  -2.70000   0.00000
  -2.60000   0.00000
  -2.50000   0.00000
  -2.40000   0.00000
  -2.30000   0.00000
  -2.20000   0.00000
  -2.10000   0.00000
  -2.00000   0.00000
  -1.90000   0.00000
  -1.80000   0.00000
  -1.70000   0.00000
  -1.60000   0.00000
  -1.50000   0.00000
  -1.40000   0.00000
  -1.30000   0.00000
  -1.20000   0.00000
  -1.10000   0.00000
  -1.00000   0.00000
  -0.90000   0.00000
  -0.80000   0.00000
  -0.70000   0.00000
  -0.60000   0.00153
  -0.50000   0.03502
  -0.40000   0.11312
  -0.30000   0.16599
  -0.20000   0.17421
  -0.10000   0.17407
   0.00000   0.14647
   0.10000   0.14434
   0.20000   0.20374
   0.30000   0.19934
   0.40000   0.10058
   0.50000   0.02095
   0.60000   0.00004
   0.70000   0.00000
   0.80000   0.00000
   0.90000   0.00000
   1.00000   0.00000
   1.10000   0.00000
   1.20000   0.00000
   1.30000   0.00000
   1.40000   0.00000
   1.50000   0.00000
   1.60000   0.00000
   1.70000   0.00000
   1.80000   0.00000
   1.90000   0.00000
   2.00000   0.00000
   2.10000   0.00000
   2.20000   0.00000
   2.30000   0.00000
   2.40000   0.00000
   2.50000   0.00000
   2.60000   0.00000
   2.70000   0.00000
   2.80000   0.00000
   2.90000   0.00000
   3.00000   0.00000
