 2,2-dimethyl-1-propanol sigma-profile (sigma [e/nm^2], p(sigma)*At [nm^2])
  -3.00000   0.00000
  -2.90000   0.00000
  -2.80000   0.00000
  -2.70000   0.00000
  -2.60000   0.00000
  -2.50000   0.00000
  -2.40000   0.00000
  -2.30000   0.00000
  -2.20000   0.00000
  -2.10000   0.00000
  -2.00000   0.00000
  -1.90000   0.00000
  -1.80000   0.00161
  -1.70000   0.00507
  -1.60000   0.00742
  -1.50000   0.00694
  -1.40000   0.00671
  -1.30000   0.00807
  -1.20000   0.00744
  -1.10000   0.00566
  -1.00000   0.00444
  -0.90000   0.00420
  -0.80000   0.00549
  -0.70000   0.00901
  -0.60000   0.02596
  -0.50000   0.07270
  -0.40000   0.13124
  -0.30000   0.15123
  -0.20000   0.13861
  -0.10000   0.11973
   0.00000   0.10185
   0.10000   0.11717
   0.20000   0.14513
   0.30000   0.11965
   0.40000   0.05165
   0.50000   0.01119
   0.60000   0.00743
   0.70000   0.00976
   0.80000   0.01010
   0.90000   0.00727
   1.00000   0.00620
   1.10000   0.01043
   1.20000   0.01371
   1.30000   0.01138
   1.40000   0.00998
   1.50000   0.01529
   1.60000   0.01895
   1.70000   0.01324
   1.80000   0.00474
   1.90000   0.00065
   2.00000   0.00000
   2.10000   0.00000
   2.20000   0.00000
   2.30000   0.00000
   2.40000   0.00000
   2.50000   0.00000
   2.60000   0.00000
   2.70000   0.00000
   2.80000   0.00000
   2.90000   0.00000
   3.00000   0.00000
