 3,3-dimethyl-2-butanone sigma-profile (sigma [e/nm^2], p(sigma)*At [nm^2])
  -3.00000   0.00000
  -2.90000   0.00000
  -2.80000   0.00000
  -2.70000   0.00000
  -2.60000   0.00000
  -2.50000   0.00000
  -2.40000   0.00000
  -2.30000   0.00000
  -2.20000   0.00000
  -2.10000   0.00000
  -2.00000   0.00000
  -1.90000   0.00000
  -1.80000   0.00000
  -1.70000   0.00000
  -1.60000   0.00000
  -1.50000   0.00000
  -1.40000   0.00000
  -1.30000   0.00000
  -1.20000   0.00000
  -1.10000   0.00000
  -1.00000   0.00007
  -0.90000   0.00489
  -0.80000   0.01807
  -0.70000   0.03918
  -0.60000   0.07765
  -0.50000   0.12664
  -0.40000   0.14897
  -0.30000   0.14630
  -0.20000   0.14052
  -0.10000   0.13145
   0.00000   0.13524
   0.10000   0.14517
   0.20000   0.12005
   0.30000   0.06091
   0.40000   0.01834
   0.50000   0.00936
   0.60000   0.00978
   0.70000   0.00906
   0.80000   0.01042
   0.90000   0.01312
   1.00000   0.01506
   1.10000   0.01842
   1.20000   0.02433
   1.30000   0.02801
   1.40000   0.02404
   1.50000   0.01791
   1.60000   0.01272
   1.70000   0.00729
   1.80000   0.00277
   1.90000   0.00033
   2.00000   0.00000
   2.10000   0.00000
   2.20000   0.00000
   2.30000   0.00000
   2.40000   0.00000
   2.50000   0.00000
   2.60000   0.00000
   2.70000   0.00000
   2.80000   0.00000
   2.90000   0.00000
   3.00000   0.00000
