 tripropylene-glycol-monoethyl-ether sigma-profile (sigma [e/nm^2], p(sigma)*At [nm^2])
  -3.00000   0.00000
  -2.90000   0.00000
  -2.80000   0.00000
  -2.70000   0.00000
  -2.60000   0.00000
  -2.50000   0.00000
  -2.40000   0.00000
  -2.30000   0.00000
  -2.20000   0.00000
  -2.10000   0.00000
  -2.00000   0.00000
  -1.90000   0.00000
  -1.80000   0.00000
  -1.70000   0.00000
  -1.60000   0.00000
  -1.50000   0.00000
  -1.40000   0.00000
  -1.30000   0.00000
  -1.20000   0.00000
  -1.10000   0.00000
  -1.00000   0.00000
  -0.90000   0.00000
  -0.80000   0.00375
  -0.70000   0.05089
  -0.60000   0.17099
  -0.50000   0.30063
  -0.40000   0.34501
  -0.30000   0.30787
  -0.20000   0.26484
  -0.10000   0.24347
   0.00000   0.23574
   0.10000   0.22615
   0.20000   0.17197
   0.30000   0.08356
   0.40000   0.03759
   0.50000   0.03389
   0.60000   0.03129
   0.70000   0.02735
   0.80000   0.02654
   0.90000   0.02573
   1.00000   0.02155
   1.10000   0.02281
   1.20000   0.02941
   1.30000   0.03029
   1.40000   0.02896
   1.50000   0.03584
   1.60000   0.04043
   1.70000   0.03304
   1.80000   0.02133
   1.90000   0.01117
   2.00000   0.00333
   2.10000   0.00005
   2.20000   0.00000
   2.30000   0.00000
   2.40000   0.00000
   2.50000   0.00000
   2.60000   0.00000
   2.70000   0.00000
   2.80000   0.00000
   2.90000   0.00000
   3.00000   0.00000
