 trichloroaceticacid sigma-profile (sigma [e/nm^2], p(sigma)*At [nm^2])
  -3.00000   0.00000
  -2.90000   0.00000
  -2.80000   0.00000
  -2.70000   0.00000
  -2.60000   0.00000
  -2.50000   0.00000
  -2.40000   0.00000
  -2.30000   0.00248
  -2.20000   0.01020
  -2.10000   0.01571
  -2.00000   0.01400
  -1.90000   0.00943
  -1.80000   0.00512
  -1.70000   0.00585
  -1.60000   0.00848
  -1.50000   0.00633
  -1.40000   0.00371
  -1.30000   0.00358
  -1.20000   0.00396
  -1.10000   0.00441
  -1.00000   0.00435
  -0.90000   0.00524
  -0.80000   0.01057
  -0.70000   0.03048
  -0.60000   0.05138
  -0.50000   0.05877
  -0.40000   0.06197
  -0.30000   0.05855
  -0.20000   0.07028
  -0.10000   0.08558
   0.00000   0.09115
   0.10000   0.13780
   0.20000   0.20101
   0.30000   0.17915
   0.40000   0.08584
   0.50000   0.03440
   0.60000   0.03303
   0.70000   0.03515
   0.80000   0.03489
   0.90000   0.03358
   1.00000   0.03074
   1.10000   0.02269
   1.20000   0.01048
   1.30000   0.00200
   1.40000   0.00004
   1.50000   0.00000
   1.60000   0.00000
   1.70000   0.00000
   1.80000   0.00000
   1.90000   0.00000
   2.00000   0.00000
   2.10000   0.00000
   2.20000   0.00000
   2.30000   0.00000
   2.40000   0.00000
   2.50000   0.00000
   2.60000   0.00000
   2.70000   0.00000
   2.80000   0.00000
   2.90000   0.00000
   3.00000   0.00000
