 hexafluoroethane sigma-profile (sigma [e/nm^2], p(sigma)*At [nm^2])
  -3.00000   0.00000
  -2.90000   0.00000
  -2.80000   0.00000
  -2.70000   0.00000
  -2.60000   0.00000
  -2.50000   0.00000
  -2.40000   0.00000
  -2.30000   0.00000
  -2.20000   0.00000
  -2.10000   0.00000
  -2.00000   0.00000
  -1.90000   0.00000
  -1.80000   0.00000
  -1.70000   0.00000
  -1.60000   0.00000
  -1.50000   0.00000
  -1.40000   0.00000
  -1.30000   0.00000
  -1.20000   0.00000
  -1.10000   0.00000
  -1.00000   0.00000
  -0.90000   0.00041
  -0.80000   0.00315
  -0.70000   0.00630
  -0.60000   0.00911
  -0.50000   0.01951
  -0.40000   0.04016
  -0.30000   0.05892
  -0.20000   0.07503
  -0.10000   0.14059
   0.00000   0.27287
   0.10000   0.32349
   0.20000   0.19529
   0.30000   0.04640
   0.40000   0.00000
   0.50000   0.00000
   0.60000   0.00000
   0.70000   0.00000
   0.80000   0.00000
   0.90000   0.00000
   1.00000   0.00000
   1.10000   0.00000
   1.20000   0.00000
   1.30000   0.00000
   1.40000   0.00000
   1.50000   0.00000
   1.60000   0.00000
   1.70000   0.00000
   1.80000   0.00000
   1.90000   0.00000
   2.00000   0.00000
   2.10000   0.00000
   2.20000   0.00000
   2.30000   0.00000
   2.40000   0.00000
   2.50000   0.00000
   2.60000   0.00000
   2.70000   0.00000
   2.80000   0.00000
   2.90000   0.00000
   3.00000   0.00000
