 2-ethyl-1-butene sigma-profile (sigma [e/nm^2], p(sigma)*At [nm^2])
  -3.00000   0.00000
  -2.90000   0.00000
  -2.80000   0.00000
  -2.70000   0.00000
  -2.60000   0.00000
  -2.50000   0.00000
  -2.40000   0.00000
  -2.30000   0.00000
  -2.20000   0.00000
  -2.10000   0.00000
  -2.00000   0.00000
  -1.90000   0.00000
  -1.80000   0.00000
  -1.70000   0.00000
  -1.60000   0.00000
  -1.50000   0.00000
  -1.40000   0.00000
  -1.30000   0.00000
  -1.20000   0.00000
  -1.10000   0.00000
  -1.00000   0.00000
  -0.90000   0.00000
  -0.80000   0.00000
  -0.70000   0.00176
  -0.60000   0.02091
  -0.50000   0.07978
  -0.40000   0.14362
  -0.30000   0.15532
  -0.20000   0.14581
  -0.10000   0.14839
   0.00000   0.15611
   0.10000   0.17223
   0.20000   0.16342
   0.30000   0.10738
   0.40000   0.04917
   0.50000   0.02968
   0.60000   0.02820
   0.70000   0.02289
   0.80000   0.02114
   0.90000   0.01962
   1.00000   0.01227
   1.10000   0.00418
   1.20000   0.00058
   1.30000   0.00000
   1.40000   0.00000
   1.50000   0.00000
   1.60000   0.00000
   1.70000   0.00000
   1.80000   0.00000
   1.90000   0.00000
   2.00000   0.00000
   2.10000   0.00000
   2.20000   0.00000
   2.30000   0.00000
   2.40000   0.00000
   2.50000   0.00000
   2.60000   0.00000
   2.70000   0.00000
   2.80000   0.00000
   2.90000   0.00000
   3.00000   0.00000
