 3-methyl-1-pentene sigma-profile (sigma [e/nm^2], p(sigma)*At [nm^2])
  -3.00000   0.00000
  -2.90000   0.00000
  -2.80000   0.00000
  -2.70000   0.00000
  -2.60000   0.00000
  -2.50000   0.00000
  -2.40000   0.00000
  -2.30000   0.00000
  -2.20000   0.00000
  -2.10000   0.00000
  -2.00000   0.00000
  -1.90000   0.00000
  -1.80000   0.00000
  -1.70000   0.00000
  -1.60000   0.00000
  -1.50000   0.00000
  -1.40000   0.00000
  -1.30000   0.00000
  -1.20000   0.00000
  -1.10000   0.00000
  -1.00000   0.00000
  -0.90000   0.00000
  -0.80000   0.00031
  -0.70000   0.00903
  -0.60000   0.03202
  -0.50000   0.07129
  -0.40000   0.12581
  -0.30000   0.15666
  -0.20000   0.15266
  -0.10000   0.14369
   0.00000   0.14097
   0.10000   0.15790
   0.20000   0.17227
   0.30000   0.13545
   0.40000   0.06965
   0.50000   0.03654
   0.60000   0.03146
   0.70000   0.02582
   0.80000   0.01802
   0.90000   0.01041
   1.00000   0.00472
   1.10000   0.00108
   1.20000   0.00000
   1.30000   0.00000
   1.40000   0.00000
   1.50000   0.00000
   1.60000   0.00000
   1.70000   0.00000
   1.80000   0.00000
   1.90000   0.00000
   2.00000   0.00000
   2.10000   0.00000
   2.20000   0.00000
   2.30000   0.00000
   2.40000   0.00000
   2.50000   0.00000
   2.60000   0.00000
   2.70000   0.00000
   2.80000   0.00000
   2.90000   0.00000
   3.00000   0.00000
