 tert-butylformate sigma-profile (sigma [e/nm^2], p(sigma)*At [nm^2])
  -3.00000   0.00000
  -2.90000   0.00000
  -2.80000   0.00000
  -2.70000   0.00000
  -2.60000   0.00000
  -2.50000   0.00000
  -2.40000   0.00000
  -2.30000   0.00000
  -2.20000   0.00000
  -2.10000   0.00000
  -2.00000   0.00000
  -1.90000   0.00000
  -1.80000   0.00000
  -1.70000   0.00000
  -1.60000   0.00000
  -1.50000   0.00000
  -1.40000   0.00000
  -1.30000   0.00066
  -1.20000   0.00510
  -1.10000   0.01230
  -1.00000   0.01638
  -0.90000   0.01705
  -0.80000   0.02470
  -0.70000   0.05925
  -0.60000   0.11295
  -0.50000   0.13659
  -0.40000   0.12568
  -0.30000   0.11046
  -0.20000   0.10119
  -0.10000   0.11725
   0.00000   0.13849
   0.10000   0.10910
   0.20000   0.04969
   0.30000   0.02281
   0.40000   0.01965
   0.50000   0.01334
   0.60000   0.01196
   0.70000   0.01557
   0.80000   0.01748
   0.90000   0.02089
   1.00000   0.02846
   1.10000   0.04098
   1.20000   0.04715
   1.30000   0.03677
   1.40000   0.02625
   1.50000   0.02096
   1.60000   0.01199
   1.70000   0.00348
   1.80000   0.00035
   1.90000   0.00000
   2.00000   0.00000
   2.10000   0.00000
   2.20000   0.00000
   2.30000   0.00000
   2.40000   0.00000
   2.50000   0.00000
   2.60000   0.00000
   2.70000   0.00000
   2.80000   0.00000
   2.90000   0.00000
   3.00000   0.00000
