 ethyl3-ethoxypropanoate sigma-profile (sigma [e/nm^2], p(sigma)*At [nm^2])
  -3.00000   0.00000
  -2.90000   0.00000
  -2.80000   0.00000
  -2.70000   0.00000
  -2.60000   0.00000
  -2.50000   0.00000
  -2.40000   0.00000
  -2.30000   0.00000
  -2.20000   0.00000
  -2.10000   0.00000
  -2.00000   0.00000
  -1.90000   0.00000
  -1.80000   0.00000
  -1.70000   0.00000
  -1.60000   0.00000
  -1.50000   0.00000
  -1.40000   0.00000
  -1.30000   0.00000
  -1.20000   0.00000
  -1.10000   0.00000
  -1.00000   0.00134
  -0.90000   0.00894
  -0.80000   0.02778
  -0.70000   0.06128
  -0.60000   0.11854
  -0.50000   0.18711
  -0.40000   0.22587
  -0.30000   0.22396
  -0.20000   0.20068
  -0.10000   0.17383
   0.00000   0.15715
   0.10000   0.13780
   0.20000   0.09381
   0.30000   0.04985
   0.40000   0.03693
   0.50000   0.03585
   0.60000   0.02746
   0.70000   0.02112
   0.80000   0.02393
   0.90000   0.02979
   1.00000   0.03257
   1.10000   0.03500
   1.20000   0.04357
   1.30000   0.04718
   1.40000   0.03492
   1.50000   0.02203
   1.60000   0.01325
   1.70000   0.00466
   1.80000   0.00060
   1.90000   0.00000
   2.00000   0.00000
   2.10000   0.00000
   2.20000   0.00000
   2.30000   0.00000
   2.40000   0.00000
   2.50000   0.00000
   2.60000   0.00000
   2.70000   0.00000
   2.80000   0.00000
   2.90000   0.00000
   3.00000   0.00000
