 2-hexyne sigma-profile (sigma [e/nm^2], p(sigma)*At [nm^2])
  -3.00000   0.00000
  -2.90000   0.00000
  -2.80000   0.00000
  -2.70000   0.00000
  -2.60000   0.00000
  -2.50000   0.00000
  -2.40000   0.00000
  -2.30000   0.00000
  -2.20000   0.00000
  -2.10000   0.00000
  -2.00000   0.00000
  -1.90000   0.00000
  -1.80000   0.00000
  -1.70000   0.00000
  -1.60000   0.00000
  -1.50000   0.00000
  -1.40000   0.00000
  -1.30000   0.00000
  -1.20000   0.00000
  -1.10000   0.00000
  -1.00000   0.00000
  -0.90000   0.00000
  -0.80000   0.00824
  -0.70000   0.03905
  -0.60000   0.07234
  -0.50000   0.09993
  -0.40000   0.13032
  -0.30000   0.13523
  -0.20000   0.13815
  -0.10000   0.15775
   0.00000   0.15110
   0.10000   0.12027
   0.20000   0.10224
   0.30000   0.08717
   0.40000   0.04903
   0.50000   0.01721
   0.60000   0.02712
   0.70000   0.04764
   0.80000   0.04440
   0.90000   0.04370
   1.00000   0.03790
   1.10000   0.01289
   1.20000   0.00000
   1.30000   0.00000
   1.40000   0.00000
   1.50000   0.00000
   1.60000   0.00000
   1.70000   0.00000
   1.80000   0.00000
   1.90000   0.00000
   2.00000   0.00000
   2.10000   0.00000
   2.20000   0.00000
   2.30000   0.00000
   2.40000   0.00000
   2.50000   0.00000
   2.60000   0.00000
   2.70000   0.00000
   2.80000   0.00000
   2.90000   0.00000
   3.00000   0.00000
