 hcl sigma-profile (sigma [e/nm^2], p(sigma)*At [nm^2])
  -3.00000   0.00000
  -2.90000   0.00000
  -2.80000   0.00000
  -2.70000   0.00000
  -2.60000   0.00000
  -2.50000   0.00000
  -2.40000   0.00000
  -2.30000   0.00000
  -2.20000   0.00000
  -2.10000   0.00000
  -2.00000   0.00000
  -1.90000   0.00166
  -1.80000   0.00790
  -1.70000   0.01345
  -1.60000   0.01282
  -1.50000   0.01101
  -1.40000   0.00939
  -1.30000   0.00775
  -1.20000   0.00686
  -1.10000   0.00390
  -1.00000   0.00139
  -0.90000   0.00238
  -0.80000   0.00606
  -0.70000   0.01195
  -0.60000   0.01354
  -0.50000   0.00938
  -0.40000   0.00973
  -0.30000   0.01463
  -0.20000   0.01750
  -0.10000   0.01560
   0.00000   0.02377
   0.10000   0.04079
   0.20000   0.03535
   0.30000   0.02678
   0.40000   0.04570
   0.50000   0.07830
   0.60000   0.08101
   0.70000   0.03827
   0.80000   0.00486
   0.90000   0.00000
   1.00000   0.00000
   1.10000   0.00000
   1.20000   0.00000
   1.30000   0.00000
   1.40000   0.00000
   1.50000   0.00000
   1.60000   0.00000
   1.70000   0.00000
   1.80000   0.00000
   1.90000   0.00000
   2.00000   0.00000
   2.10000   0.00000
   2.20000   0.00000
   2.30000   0.00000
   2.40000   0.00000
   2.50000   0.00000
   2.60000   0.00000
   2.70000   0.00000
   2.80000   0.00000
   2.90000   0.00000
   3.00000   0.00000
