 cyclopropanamine sigma-profile (sigma [e/nm^2], p(sigma)*At [nm^2])
  -3.00000   0.00000
  -2.90000   0.00000
  -2.80000   0.00000
  -2.70000   0.00000
  -2.60000   0.00000
  -2.50000   0.00000
  -2.40000   0.00000
  -2.30000   0.00000
  -2.20000   0.00000
  -2.10000   0.00000
  -2.00000   0.00000
  -1.90000   0.00000
  -1.80000   0.00000
  -1.70000   0.00000
  -1.60000   0.00000
  -1.50000   0.00000
  -1.40000   0.00000
  -1.30000   0.00204
  -1.20000   0.01100
  -1.10000   0.02173
  -1.00000   0.02319
  -0.90000   0.01887
  -0.80000   0.01732
  -0.70000   0.02671
  -0.60000   0.04944
  -0.50000   0.07087
  -0.40000   0.07237
  -0.30000   0.07138
  -0.20000   0.07852
  -0.10000   0.07007
   0.00000   0.06288
   0.10000   0.07120
   0.20000   0.07362
   0.30000   0.06411
   0.40000   0.05431
   0.50000   0.04488
   0.60000   0.03242
   0.70000   0.02080
   0.80000   0.00957
   0.90000   0.00393
   1.00000   0.00514
   1.10000   0.00671
   1.20000   0.00626
   1.30000   0.00478
   1.40000   0.00395
   1.50000   0.00473
   1.60000   0.00544
   1.70000   0.00537
   1.80000   0.00545
   1.90000   0.00415
   2.00000   0.00311
   2.10000   0.00469
   2.20000   0.00589
   2.30000   0.00440
   2.40000   0.00214
   2.50000   0.00061
   2.60000   0.00000
   2.70000   0.00000
   2.80000   0.00000
   2.90000   0.00000
   3.00000   0.00000
