 cyclohexyl-hydroperoxide sigma-profile (sigma [e/nm^2], p(sigma)*At [nm^2])
  -3.00000   0.00000
  -2.90000   0.00000
  -2.80000   0.00000
  -2.70000   0.00000
  -2.60000   0.00000
  -2.50000   0.00000
  -2.40000   0.00000
  -2.30000   0.00000
  -2.20000   0.00000
  -2.10000   0.00000
  -2.00000   0.00005
  -1.90000   0.00260
  -1.80000   0.00848
  -1.70000   0.01282
  -1.60000   0.01196
  -1.50000   0.00754
  -1.40000   0.00566
  -1.30000   0.00743
  -1.20000   0.00732
  -1.10000   0.00602
  -1.00000   0.00545
  -0.90000   0.00457
  -0.80000   0.00467
  -0.70000   0.00622
  -0.60000   0.02046
  -0.50000   0.07128
  -0.40000   0.13817
  -0.30000   0.16997
  -0.20000   0.16862
  -0.10000   0.16247
   0.00000   0.15668
   0.10000   0.14289
   0.20000   0.10835
   0.30000   0.05955
   0.40000   0.02628
   0.50000   0.01680
   0.60000   0.01363
   0.70000   0.01305
   0.80000   0.01933
   0.90000   0.02535
   1.00000   0.03072
   1.10000   0.03788
   1.20000   0.03934
   1.30000   0.03071
   1.40000   0.01767
   1.50000   0.00770
   1.60000   0.00199
   1.70000   0.00000
   1.80000   0.00000
   1.90000   0.00000
   2.00000   0.00000
   2.10000   0.00000
   2.20000   0.00000
   2.30000   0.00000
   2.40000   0.00000
   2.50000   0.00000
   2.60000   0.00000
   2.70000   0.00000
   2.80000   0.00000
   2.90000   0.00000
   3.00000   0.00000
