 cis-1-propenylbenzene sigma-profile (sigma [e/nm^2], p(sigma)*At [nm^2])
  -3.00000   0.00000
  -2.90000   0.00000
  -2.80000   0.00000
  -2.70000   0.00000
  -2.60000   0.00000
  -2.50000   0.00000
  -2.40000   0.00000
  -2.30000   0.00000
  -2.20000   0.00000
  -2.10000   0.00000
  -2.00000   0.00000
  -1.90000   0.00000
  -1.80000   0.00000
  -1.70000   0.00000
  -1.60000   0.00000
  -1.50000   0.00000
  -1.40000   0.00000
  -1.30000   0.00000
  -1.20000   0.00000
  -1.10000   0.00000
  -1.00000   0.00000
  -0.90000   0.00116
  -0.80000   0.02011
  -0.70000   0.06504
  -0.60000   0.10871
  -0.50000   0.12680
  -0.40000   0.12642
  -0.30000   0.12260
  -0.20000   0.11293
  -0.10000   0.11291
   0.00000   0.12425
   0.10000   0.11898
   0.20000   0.11257
   0.30000   0.11808
   0.40000   0.12852
   0.50000   0.13974
   0.60000   0.11213
   0.70000   0.05131
   0.80000   0.01591
   0.90000   0.00548
   1.00000   0.00053
   1.10000   0.00000
   1.20000   0.00000
   1.30000   0.00000
   1.40000   0.00000
   1.50000   0.00000
   1.60000   0.00000
   1.70000   0.00000
   1.80000   0.00000
   1.90000   0.00000
   2.00000   0.00000
   2.10000   0.00000
   2.20000   0.00000
   2.30000   0.00000
   2.40000   0.00000
   2.50000   0.00000
   2.60000   0.00000
   2.70000   0.00000
   2.80000   0.00000
   2.90000   0.00000
   3.00000   0.00000
