 h2o2 sigma-profile (sigma [e/nm^2], p(sigma)*At [nm^2])
  -3.00000   0.00000
  -2.90000   0.00000
  -2.80000   0.00000
  -2.70000   0.00000
  -2.60000   0.00000
  -2.50000   0.00000
  -2.40000   0.00000
  -2.30000   0.00000
  -2.20000   0.00000
  -2.10000   0.00000
  -2.00000   0.00154
  -1.90000   0.01047
  -1.80000   0.02507
  -1.70000   0.02827
  -1.60000   0.01863
  -1.50000   0.01520
  -1.40000   0.01759
  -1.30000   0.01435
  -1.20000   0.00988
  -1.10000   0.00948
  -1.00000   0.01093
  -0.90000   0.01120
  -0.80000   0.00990
  -0.70000   0.00829
  -0.60000   0.00675
  -0.50000   0.00696
  -0.40000   0.00966
  -0.30000   0.01115
  -0.20000   0.01062
  -0.10000   0.01072
   0.00000   0.01172
   0.10000   0.01304
   0.20000   0.01272
   0.30000   0.01196
   0.40000   0.01268
   0.50000   0.01291
   0.60000   0.01469
   0.70000   0.01979
   0.80000   0.02595
   0.90000   0.03369
   1.00000   0.04042
   1.10000   0.04311
   1.20000   0.03915
   1.30000   0.02676
   1.40000   0.01324
   1.50000   0.00393
   1.60000   0.00016
   1.70000   0.00000
   1.80000   0.00000
   1.90000   0.00000
   2.00000   0.00000
   2.10000   0.00000
   2.20000   0.00000
   2.30000   0.00000
   2.40000   0.00000
   2.50000   0.00000
   2.60000   0.00000
   2.70000   0.00000
   2.80000   0.00000
   2.90000   0.00000
   3.00000   0.00000
