 trans-4-methylcyclohexanol sigma-profile (sigma [e/nm^2], p(sigma)*At [nm^2])
  -3.00000   0.00000
  -2.90000   0.00000
  -2.80000   0.00000
  -2.70000   0.00000
  -2.60000   0.00000
  -2.50000   0.00000
  -2.40000   0.00000
  -2.30000   0.00000
  -2.20000   0.00000
  -2.10000   0.00000
  -2.00000   0.00000
  -1.90000   0.00000
  -1.80000   0.00091
  -1.70000   0.00475
  -1.60000   0.00972
  -1.50000   0.00989
  -1.40000   0.00757
  -1.30000   0.00769
  -1.20000   0.00818
  -1.10000   0.00703
  -1.00000   0.00532
  -0.90000   0.00502
  -0.80000   0.00495
  -0.70000   0.00554
  -0.60000   0.01113
  -0.50000   0.05320
  -0.40000   0.13468
  -0.30000   0.18460
  -0.20000   0.19029
  -0.10000   0.18872
   0.00000   0.17724
   0.10000   0.15861
   0.20000   0.14062
   0.30000   0.10332
   0.40000   0.04651
   0.50000   0.01149
   0.60000   0.00751
   0.70000   0.01131
   0.80000   0.01165
   0.90000   0.00770
   1.00000   0.00535
   1.10000   0.00763
   1.20000   0.01249
   1.30000   0.01414
   1.40000   0.01033
   1.50000   0.01028
   1.60000   0.01724
   1.70000   0.01972
   1.80000   0.01198
   1.90000   0.00354
   2.00000   0.00051
   2.10000   0.00000
   2.20000   0.00000
   2.30000   0.00000
   2.40000   0.00000
   2.50000   0.00000
   2.60000   0.00000
   2.70000   0.00000
   2.80000   0.00000
   2.90000   0.00000
   3.00000   0.00000
