 1-phenyl-1-ethylmethanoate sigma-profile (sigma [e/nm^2], p(sigma)*At [nm^2])
  -3.00000   0.00000
  -2.90000   0.00000
  -2.80000   0.00000
  -2.70000   0.00000
  -2.60000   0.00000
  -2.50000   0.00000
  -2.40000   0.00000
  -2.30000   0.00000
  -2.20000   0.00000
  -2.10000   0.00000
  -2.00000   0.00000
  -1.90000   0.00000
  -1.80000   0.00000
  -1.70000   0.00000
  -1.60000   0.00000
  -1.50000   0.00000
  -1.40000   0.00000
  -1.30000   0.00000
  -1.20000   0.00005
  -1.10000   0.00558
  -1.00000   0.01680
  -0.90000   0.02932
  -0.80000   0.05989
  -0.70000   0.10430
  -0.60000   0.13105
  -0.50000   0.13819
  -0.40000   0.13563
  -0.30000   0.12701
  -0.20000   0.11414
  -0.10000   0.11005
   0.00000   0.11307
   0.10000   0.10180
   0.20000   0.09625
   0.30000   0.10580
   0.40000   0.11666
   0.50000   0.11416
   0.60000   0.07524
   0.70000   0.03069
   0.80000   0.01834
   0.90000   0.02344
   1.00000   0.02814
   1.10000   0.03315
   1.20000   0.03467
   1.30000   0.02664
   1.40000   0.01558
   1.50000   0.00728
   1.60000   0.00199
   1.70000   0.00008
   1.80000   0.00000
   1.90000   0.00000
   2.00000   0.00000
   2.10000   0.00000
   2.20000   0.00000
   2.30000   0.00000
   2.40000   0.00000
   2.50000   0.00000
   2.60000   0.00000
   2.70000   0.00000
   2.80000   0.00000
   2.90000   0.00000
   3.00000   0.00000
