 chlorinetrifluoride sigma-profile (sigma [e/nm^2], p(sigma)*At [nm^2])
  -3.00000   0.00000
  -2.90000   0.00000
  -2.80000   0.00000
  -2.70000   0.00000
  -2.60000   0.00000
  -2.50000   0.00000
  -2.40000   0.00000
  -2.30000   0.00000
  -2.20000   0.00000
  -2.10000   0.00000
  -2.00000   0.00000
  -1.90000   0.00000
  -1.80000   0.00000
  -1.70000   0.00021
  -1.60000   0.00396
  -1.50000   0.00892
  -1.40000   0.01064
  -1.30000   0.01119
  -1.20000   0.00949
  -1.10000   0.00962
  -1.00000   0.01710
  -0.90000   0.02533
  -0.80000   0.02830
  -0.70000   0.03410
  -0.60000   0.03832
  -0.50000   0.02909
  -0.40000   0.02106
  -0.30000   0.02640
  -0.20000   0.03446
  -0.10000   0.03974
   0.00000   0.05209
   0.10000   0.05531
   0.20000   0.04535
   0.30000   0.05705
   0.40000   0.07801
   0.50000   0.09745
   0.60000   0.10255
   0.70000   0.05798
   0.80000   0.01106
   0.90000   0.00000
   1.00000   0.00000
   1.10000   0.00000
   1.20000   0.00000
   1.30000   0.00000
   1.40000   0.00000
   1.50000   0.00000
   1.60000   0.00000
   1.70000   0.00000
   1.80000   0.00000
   1.90000   0.00000
   2.00000   0.00000
   2.10000   0.00000
   2.20000   0.00000
   2.30000   0.00000
   2.40000   0.00000
   2.50000   0.00000
   2.60000   0.00000
   2.70000   0.00000
   2.80000   0.00000
   2.90000   0.00000
   3.00000   0.00000
