 isophorone sigma-profile (sigma [e/nm^2], p(sigma)*At [nm^2])
  -3.00000   0.00000
  -2.90000   0.00000
  -2.80000   0.00000
  -2.70000   0.00000
  -2.60000   0.00000
  -2.50000   0.00000
  -2.40000   0.00000
  -2.30000   0.00000
  -2.20000   0.00000
  -2.10000   0.00000
  -2.00000   0.00000
  -1.90000   0.00000
  -1.80000   0.00000
  -1.70000   0.00000
  -1.60000   0.00000
  -1.50000   0.00000
  -1.40000   0.00000
  -1.30000   0.00000
  -1.20000   0.00000
  -1.10000   0.00000
  -1.00000   0.00000
  -0.90000   0.00020
  -0.80000   0.01487
  -0.70000   0.06002
  -0.60000   0.11939
  -0.50000   0.16716
  -0.40000   0.18805
  -0.30000   0.17314
  -0.20000   0.15432
  -0.10000   0.15760
   0.00000   0.16733
   0.10000   0.16787
   0.20000   0.13551
   0.30000   0.07890
   0.40000   0.03741
   0.50000   0.01972
   0.60000   0.01130
   0.70000   0.00670
   0.80000   0.00651
   0.90000   0.00680
   1.00000   0.00954
   1.10000   0.01505
   1.20000   0.02041
   1.30000   0.02638
   1.40000   0.02881
   1.50000   0.02546
   1.60000   0.02140
   1.70000   0.01746
   1.80000   0.01287
   1.90000   0.00712
   2.00000   0.00190
   2.10000   0.00004
   2.20000   0.00000
   2.30000   0.00000
   2.40000   0.00000
   2.50000   0.00000
   2.60000   0.00000
   2.70000   0.00000
   2.80000   0.00000
   2.90000   0.00000
   3.00000   0.00000
