 2-bromobutane sigma-profile (sigma [e/nm^2], p(sigma)*At [nm^2])
  -3.00000   0.00000
  -2.90000   0.00000
  -2.80000   0.00000
  -2.70000   0.00000
  -2.60000   0.00000
  -2.50000   0.00000
  -2.40000   0.00000
  -2.30000   0.00000
  -2.20000   0.00000
  -2.10000   0.00000
  -2.00000   0.00000
  -1.90000   0.00000
  -1.80000   0.00000
  -1.70000   0.00000
  -1.60000   0.00000
  -1.50000   0.00000
  -1.40000   0.00000
  -1.30000   0.00000
  -1.20000   0.00000
  -1.10000   0.00000
  -1.00000   0.00000
  -0.90000   0.00307
  -0.80000   0.01177
  -0.70000   0.03168
  -0.60000   0.07213
  -0.50000   0.11242
  -0.40000   0.12352
  -0.30000   0.11342
  -0.20000   0.10854
  -0.10000   0.11478
   0.00000   0.12632
   0.10000   0.12552
   0.20000   0.09045
   0.30000   0.05712
   0.40000   0.04800
   0.50000   0.04464
   0.60000   0.05112
   0.70000   0.06937
   0.80000   0.06651
   0.90000   0.02898
   1.00000   0.00263
   1.10000   0.00000
   1.20000   0.00000
   1.30000   0.00000
   1.40000   0.00000
   1.50000   0.00000
   1.60000   0.00000
   1.70000   0.00000
   1.80000   0.00000
   1.90000   0.00000
   2.00000   0.00000
   2.10000   0.00000
   2.20000   0.00000
   2.30000   0.00000
   2.40000   0.00000
   2.50000   0.00000
   2.60000   0.00000
   2.70000   0.00000
   2.80000   0.00000
   2.90000   0.00000
   3.00000   0.00000
