 isoprene sigma-profile (sigma [e/nm^2], p(sigma)*At [nm^2])
  -3.00000   0.00000
  -2.90000   0.00000
  -2.80000   0.00000
  -2.70000   0.00000
  -2.60000   0.00000
  -2.50000   0.00000
  -2.40000   0.00000
  -2.30000   0.00000
  -2.20000   0.00000
  -2.10000   0.00000
  -2.00000   0.00000
  -1.90000   0.00000
  -1.80000   0.00000
  -1.70000   0.00000
  -1.60000   0.00000
  -1.50000   0.00000
  -1.40000   0.00000
  -1.30000   0.00000
  -1.20000   0.00000
  -1.10000   0.00000
  -1.00000   0.00000
  -0.90000   0.00000
  -0.80000   0.00922
  -0.70000   0.04021
  -0.60000   0.08009
  -0.50000   0.09859
  -0.40000   0.09487
  -0.30000   0.08698
  -0.20000   0.07835
  -0.10000   0.08332
   0.00000   0.10561
   0.10000   0.11273
   0.20000   0.09584
   0.30000   0.07900
   0.40000   0.07619
   0.50000   0.07266
   0.60000   0.05845
   0.70000   0.04606
   0.80000   0.02942
   0.90000   0.00926
   1.00000   0.00079
   1.10000   0.00000
   1.20000   0.00000
   1.30000   0.00000
   1.40000   0.00000
   1.50000   0.00000
   1.60000   0.00000
   1.70000   0.00000
   1.80000   0.00000
   1.90000   0.00000
   2.00000   0.00000
   2.10000   0.00000
   2.20000   0.00000
   2.30000   0.00000
   2.40000   0.00000
   2.50000   0.00000
   2.60000   0.00000
   2.70000   0.00000
   2.80000   0.00000
   2.90000   0.00000
   3.00000   0.00000
