 2-methyl-propanenitrile sigma-profile (sigma [e/nm^2], p(sigma)*At [nm^2])
  -3.00000   0.00000
  -2.90000   0.00000
  -2.80000   0.00000
  -2.70000   0.00000
  -2.60000   0.00000
  -2.50000   0.00000
  -2.40000   0.00000
  -2.30000   0.00000
  -2.20000   0.00000
  -2.10000   0.00000
  -2.00000   0.00000
  -1.90000   0.00000
  -1.80000   0.00000
  -1.70000   0.00000
  -1.60000   0.00000
  -1.50000   0.00000
  -1.40000   0.00000
  -1.30000   0.00000
  -1.20000   0.00000
  -1.10000   0.00000
  -1.00000   0.00399
  -0.90000   0.01461
  -0.80000   0.02579
  -0.70000   0.05261
  -0.60000   0.10345
  -0.50000   0.12630
  -0.40000   0.10815
  -0.30000   0.08432
  -0.20000   0.07973
  -0.10000   0.10161
   0.00000   0.10824
   0.10000   0.07681
   0.20000   0.03582
   0.30000   0.01733
   0.40000   0.01744
   0.50000   0.01569
   0.60000   0.01272
   0.70000   0.02038
   0.80000   0.03184
   0.90000   0.03522
   1.00000   0.03573
   1.10000   0.03405
   1.20000   0.02832
   1.30000   0.02279
   1.40000   0.01821
   1.50000   0.00988
   1.60000   0.00215
   1.70000   0.00000
   1.80000   0.00000
   1.90000   0.00000
   2.00000   0.00000
   2.10000   0.00000
   2.20000   0.00000
   2.30000   0.00000
   2.40000   0.00000
   2.50000   0.00000
   2.60000   0.00000
   2.70000   0.00000
   2.80000   0.00000
   2.90000   0.00000
   3.00000   0.00000
