 2-chlorobutane sigma-profile (sigma [e/nm^2], p(sigma)*At [nm^2])
  -3.00000   0.00000
  -2.90000   0.00000
  -2.80000   0.00000
  -2.70000   0.00000
  -2.60000   0.00000
  -2.50000   0.00000
  -2.40000   0.00000
  -2.30000   0.00000
  -2.20000   0.00000
  -2.10000   0.00000
  -2.00000   0.00000
  -1.90000   0.00000
  -1.80000   0.00000
  -1.70000   0.00000
  -1.60000   0.00000
  -1.50000   0.00000
  -1.40000   0.00000
  -1.30000   0.00000
  -1.20000   0.00000
  -1.10000   0.00000
  -1.00000   0.00000
  -0.90000   0.00192
  -0.80000   0.00989
  -0.70000   0.03055
  -0.60000   0.07018
  -0.50000   0.11023
  -0.40000   0.12428
  -0.30000   0.11453
  -0.20000   0.10128
  -0.10000   0.10412
   0.00000   0.12160
   0.10000   0.12556
   0.20000   0.09664
   0.30000   0.05592
   0.40000   0.03848
   0.50000   0.04223
   0.60000   0.04324
   0.70000   0.05377
   0.80000   0.06361
   0.90000   0.03880
   1.00000   0.00844
   1.10000   0.00000
   1.20000   0.00000
   1.30000   0.00000
   1.40000   0.00000
   1.50000   0.00000
   1.60000   0.00000
   1.70000   0.00000
   1.80000   0.00000
   1.90000   0.00000
   2.00000   0.00000
   2.10000   0.00000
   2.20000   0.00000
   2.30000   0.00000
   2.40000   0.00000
   2.50000   0.00000
   2.60000   0.00000
   2.70000   0.00000
   2.80000   0.00000
   2.90000   0.00000
   3.00000   0.00000
