 2-methyl-1-propanamine sigma-profile (sigma [e/nm^2], p(sigma)*At [nm^2])
  -3.00000   0.00000
  -2.90000   0.00000
  -2.80000   0.00000
  -2.70000   0.00000
  -2.60000   0.00000
  -2.50000   0.00000
  -2.40000   0.00000
  -2.30000   0.00000
  -2.20000   0.00000
  -2.10000   0.00000
  -2.00000   0.00000
  -1.90000   0.00000
  -1.80000   0.00000
  -1.70000   0.00000
  -1.60000   0.00000
  -1.50000   0.00000
  -1.40000   0.00000
  -1.30000   0.00110
  -1.20000   0.00744
  -1.10000   0.01644
  -1.00000   0.02024
  -0.90000   0.01852
  -0.80000   0.01685
  -0.70000   0.01776
  -0.60000   0.02173
  -0.50000   0.05312
  -0.40000   0.11281
  -0.30000   0.13877
  -0.20000   0.13356
  -0.10000   0.12805
   0.00000   0.10655
   0.10000   0.10530
   0.20000   0.12769
   0.30000   0.10596
   0.40000   0.04458
   0.50000   0.00888
   0.60000   0.00539
   0.70000   0.00530
   0.80000   0.00569
   0.90000   0.00763
   1.00000   0.00854
   1.10000   0.00758
   1.20000   0.00492
   1.30000   0.00258
   1.40000   0.00357
   1.50000   0.00662
   1.60000   0.00754
   1.70000   0.00652
   1.80000   0.00590
   1.90000   0.00512
   2.00000   0.00470
   2.10000   0.00555
   2.20000   0.00614
   2.30000   0.00577
   2.40000   0.00444
   2.50000   0.00196
   2.60000   0.00026
   2.70000   0.00000
   2.80000   0.00000
   2.90000   0.00000
   3.00000   0.00000
