 isobutanal sigma-profile (sigma [e/nm^2], p(sigma)*At [nm^2])
  -3.00000   0.00000
  -2.90000   0.00000
  -2.80000   0.00000
  -2.70000   0.00000
  -2.60000   0.00000
  -2.50000   0.00000
  -2.40000   0.00000
  -2.30000   0.00000
  -2.20000   0.00000
  -2.10000   0.00000
  -2.00000   0.00000
  -1.90000   0.00000
  -1.80000   0.00000
  -1.70000   0.00000
  -1.60000   0.00000
  -1.50000   0.00000
  -1.40000   0.00000
  -1.30000   0.00000
  -1.20000   0.00000
  -1.10000   0.00000
  -1.00000   0.00000
  -0.90000   0.00001
  -0.80000   0.01002
  -0.70000   0.03969
  -0.60000   0.08422
  -0.50000   0.12555
  -0.40000   0.13283
  -0.30000   0.11814
  -0.20000   0.10188
  -0.10000   0.08324
   0.00000   0.08557
   0.10000   0.09717
   0.20000   0.07855
   0.30000   0.03576
   0.40000   0.01057
   0.50000   0.01089
   0.60000   0.01245
   0.70000   0.01060
   0.80000   0.01197
   0.90000   0.01658
   1.00000   0.02205
   1.10000   0.02702
   1.20000   0.02755
   1.30000   0.02278
   1.40000   0.01913
   1.50000   0.01578
   1.60000   0.00821
   1.70000   0.00183
   1.80000   0.00003
   1.90000   0.00000
   2.00000   0.00000
   2.10000   0.00000
   2.20000   0.00000
   2.30000   0.00000
   2.40000   0.00000
   2.50000   0.00000
   2.60000   0.00000
   2.70000   0.00000
   2.80000   0.00000
   2.90000   0.00000
   3.00000   0.00000
