 2-methyl-1-buten-3-yne sigma-profile (sigma [e/nm^2], p(sigma)*At [nm^2])
  -3.00000   0.00000
  -2.90000   0.00000
  -2.80000   0.00000
  -2.70000   0.00000
  -2.60000   0.00000
  -2.50000   0.00000
  -2.40000   0.00000
  -2.30000   0.00000
  -2.20000   0.00000
  -2.10000   0.00000
  -2.00000   0.00000
  -1.90000   0.00000
  -1.80000   0.00000
  -1.70000   0.00000
  -1.60000   0.00000
  -1.50000   0.00128
  -1.40000   0.00563
  -1.30000   0.01079
  -1.20000   0.01028
  -1.10000   0.00821
  -1.00000   0.01043
  -0.90000   0.01132
  -0.80000   0.01811
  -0.70000   0.04401
  -0.60000   0.06916
  -0.50000   0.07265
  -0.40000   0.07114
  -0.30000   0.06701
  -0.20000   0.06152
  -0.10000   0.07474
   0.00000   0.10091
   0.10000   0.10445
   0.20000   0.07738
   0.30000   0.07125
   0.40000   0.08383
   0.50000   0.07535
   0.60000   0.06772
   0.70000   0.06814
   0.80000   0.04696
   0.90000   0.01408
   1.00000   0.00020
   1.10000   0.00000
   1.20000   0.00000
   1.30000   0.00000
   1.40000   0.00000
   1.50000   0.00000
   1.60000   0.00000
   1.70000   0.00000
   1.80000   0.00000
   1.90000   0.00000
   2.00000   0.00000
   2.10000   0.00000
   2.20000   0.00000
   2.30000   0.00000
   2.40000   0.00000
   2.50000   0.00000
   2.60000   0.00000
   2.70000   0.00000
   2.80000   0.00000
   2.90000   0.00000
   3.00000   0.00000
