 methylglyoxal sigma-profile (sigma [e/nm^2], p(sigma)*At [nm^2])
  -3.00000   0.00000
  -2.90000   0.00000
  -2.80000   0.00000
  -2.70000   0.00000
  -2.60000   0.00000
  -2.50000   0.00000
  -2.40000   0.00000
  -2.30000   0.00000
  -2.20000   0.00000
  -2.10000   0.00000
  -2.00000   0.00000
  -1.90000   0.00000
  -1.80000   0.00000
  -1.70000   0.00000
  -1.60000   0.00000
  -1.50000   0.00000
  -1.40000   0.00000
  -1.30000   0.00000
  -1.20000   0.00000
  -1.10000   0.00183
  -1.00000   0.01897
  -0.90000   0.05803
  -0.80000   0.08796
  -0.70000   0.08610
  -0.60000   0.07249
  -0.50000   0.06081
  -0.40000   0.05418
  -0.30000   0.06009
  -0.20000   0.06826
  -0.10000   0.05780
   0.00000   0.03248
   0.10000   0.01987
   0.20000   0.02204
   0.30000   0.02101
   0.40000   0.01880
   0.50000   0.02186
   0.60000   0.02663
   0.70000   0.03151
   0.80000   0.03948
   0.90000   0.04989
   1.00000   0.05199
   1.10000   0.04479
   1.20000   0.03426
   1.30000   0.02143
   1.40000   0.01093
   1.50000   0.00361
   1.60000   0.00016
   1.70000   0.00000
   1.80000   0.00000
   1.90000   0.00000
   2.00000   0.00000
   2.10000   0.00000
   2.20000   0.00000
   2.30000   0.00000
   2.40000   0.00000
   2.50000   0.00000
   2.60000   0.00000
   2.70000   0.00000
   2.80000   0.00000
   2.90000   0.00000
   3.00000   0.00000
