 1,2-propanediamine sigma-profile (sigma [e/nm^2], p(sigma)*At [nm^2])
  -3.00000   0.00000
  -2.90000   0.00000
  -2.80000   0.00000
  -2.70000   0.00000
  -2.60000   0.00000
  -2.50000   0.00000
  -2.40000   0.00000
  -2.30000   0.00000
  -2.20000   0.00000
  -2.10000   0.00000
  -2.00000   0.00000
  -1.90000   0.00000
  -1.80000   0.00000
  -1.70000   0.00000
  -1.60000   0.00000
  -1.50000   0.00000
  -1.40000   0.00000
  -1.30000   0.00462
  -1.20000   0.02114
  -1.10000   0.03859
  -1.00000   0.04159
  -0.90000   0.03537
  -0.80000   0.03232
  -0.70000   0.03369
  -0.60000   0.04352
  -0.50000   0.08151
  -0.40000   0.12124
  -0.30000   0.11632
  -0.20000   0.09140
  -0.10000   0.07110
   0.00000   0.06202
   0.10000   0.07435
   0.20000   0.07484
   0.30000   0.05153
   0.40000   0.02707
   0.50000   0.01282
   0.60000   0.01103
   0.70000   0.01398
   0.80000   0.01555
   0.90000   0.01399
   1.00000   0.01112
   1.10000   0.01049
   1.20000   0.00935
   1.30000   0.00833
   1.40000   0.01162
   1.50000   0.01456
   1.60000   0.01295
   1.70000   0.00930
   1.80000   0.00852
   1.90000   0.01025
   2.00000   0.01254
   2.10000   0.01242
   2.20000   0.01037
   2.30000   0.01023
   2.40000   0.00744
   2.50000   0.00233
   2.60000   0.00017
   2.70000   0.00000
   2.80000   0.00000
   2.90000   0.00000
   3.00000   0.00000
