 2-butanol sigma-profile (sigma [e/nm^2], p(sigma)*At [nm^2])
  -3.00000   0.00000
  -2.90000   0.00000
  -2.80000   0.00000
  -2.70000   0.00000
  -2.60000   0.00000
  -2.50000   0.00000
  -2.40000   0.00000
  -2.30000   0.00000
  -2.20000   0.00000
  -2.10000   0.00000
  -2.00000   0.00000
  -1.90000   0.00000
  -1.80000   0.00111
  -1.70000   0.00381
  -1.60000   0.00654
  -1.50000   0.00715
  -1.40000   0.00679
  -1.30000   0.00698
  -1.20000   0.00621
  -1.10000   0.00589
  -1.00000   0.00597
  -0.90000   0.00445
  -0.80000   0.00503
  -0.70000   0.01023
  -0.60000   0.02911
  -0.50000   0.07504
  -0.40000   0.11914
  -0.30000   0.13049
  -0.20000   0.12352
  -0.10000   0.11077
   0.00000   0.11129
   0.10000   0.13118
   0.20000   0.12100
   0.30000   0.06407
   0.40000   0.01835
   0.50000   0.01053
   0.60000   0.01245
   0.70000   0.01096
   0.80000   0.00870
   0.90000   0.00675
   1.00000   0.00622
   1.10000   0.00822
   1.20000   0.01281
   1.30000   0.01282
   1.40000   0.00920
   1.50000   0.01214
   1.60000   0.01792
   1.70000   0.01770
   1.80000   0.01100
   1.90000   0.00333
   2.00000   0.00015
   2.10000   0.00000
   2.20000   0.00000
   2.30000   0.00000
   2.40000   0.00000
   2.50000   0.00000
   2.60000   0.00000
   2.70000   0.00000
   2.80000   0.00000
   2.90000   0.00000
   3.00000   0.00000
