 isopropyl-isobutyl-ether sigma-profile (sigma [e/nm^2], p(sigma)*At [nm^2])
  -3.00000   0.00000
  -2.90000   0.00000
  -2.80000   0.00000
  -2.70000   0.00000
  -2.60000   0.00000
  -2.50000   0.00000
  -2.40000   0.00000
  -2.30000   0.00000
  -2.20000   0.00000
  -2.10000   0.00000
  -2.00000   0.00000
  -1.90000   0.00000
  -1.80000   0.00000
  -1.70000   0.00000
  -1.60000   0.00000
  -1.50000   0.00000
  -1.40000   0.00000
  -1.30000   0.00000
  -1.20000   0.00000
  -1.10000   0.00000
  -1.00000   0.00000
  -0.90000   0.00000
  -0.80000   0.00000
  -0.70000   0.00142
  -0.60000   0.02338
  -0.50000   0.09705
  -0.40000   0.18644
  -0.30000   0.21832
  -0.20000   0.20993
  -0.10000   0.19474
   0.00000   0.18056
   0.10000   0.19817
   0.20000   0.20939
   0.30000   0.14731
   0.40000   0.05753
   0.50000   0.01782
   0.60000   0.01605
   0.70000   0.01403
   0.80000   0.00799
   0.90000   0.00437
   1.00000   0.00474
   1.10000   0.00763
   1.20000   0.01171
   1.30000   0.01271
   1.40000   0.00947
   1.50000   0.00723
   1.60000   0.00711
   1.70000   0.00606
   1.80000   0.00348
   1.90000   0.00093
   2.00000   0.00000
   2.10000   0.00000
   2.20000   0.00000
   2.30000   0.00000
   2.40000   0.00000
   2.50000   0.00000
   2.60000   0.00000
   2.70000   0.00000
   2.80000   0.00000
   2.90000   0.00000
   3.00000   0.00000
