 trichloroethene sigma-profile (sigma [e/nm^2], p(sigma)*At [nm^2])
  -3.00000   0.00000
  -2.90000   0.00000
  -2.80000   0.00000
  -2.70000   0.00000
  -2.60000   0.00000
  -2.50000   0.00000
  -2.40000   0.00000
  -2.30000   0.00000
  -2.20000   0.00000
  -2.10000   0.00000
  -2.00000   0.00000
  -1.90000   0.00000
  -1.80000   0.00000
  -1.70000   0.00000
  -1.60000   0.00000
  -1.50000   0.00000
  -1.40000   0.00062
  -1.30000   0.00591
  -1.20000   0.01350
  -1.10000   0.01392
  -1.00000   0.01041
  -0.90000   0.00927
  -0.80000   0.00983
  -0.70000   0.01700
  -0.60000   0.02943
  -0.50000   0.04003
  -0.40000   0.05265
  -0.30000   0.06227
  -0.20000   0.08269
  -0.10000   0.12578
   0.00000   0.14276
   0.10000   0.14018
   0.20000   0.18041
   0.30000   0.20124
   0.40000   0.12781
   0.50000   0.04019
   0.60000   0.00567
   0.70000   0.00002
   0.80000   0.00000
   0.90000   0.00000
   1.00000   0.00000
   1.10000   0.00000
   1.20000   0.00000
   1.30000   0.00000
   1.40000   0.00000
   1.50000   0.00000
   1.60000   0.00000
   1.70000   0.00000
   1.80000   0.00000
   1.90000   0.00000
   2.00000   0.00000
   2.10000   0.00000
   2.20000   0.00000
   2.30000   0.00000
   2.40000   0.00000
   2.50000   0.00000
   2.60000   0.00000
   2.70000   0.00000
   2.80000   0.00000
   2.90000   0.00000
   3.00000   0.00000
