 1,1,2-trichloroethane sigma-profile (sigma [e/nm^2], p(sigma)*At [nm^2])
  -3.00000   0.00000
  -2.90000   0.00000
  -2.80000   0.00000
  -2.70000   0.00000
  -2.60000   0.00000
  -2.50000   0.00000
  -2.40000   0.00000
  -2.30000   0.00000
  -2.20000   0.00000
  -2.10000   0.00000
  -2.00000   0.00000
  -1.90000   0.00000
  -1.80000   0.00000
  -1.70000   0.00000
  -1.60000   0.00000
  -1.50000   0.00000
  -1.40000   0.00077
  -1.30000   0.00868
  -1.20000   0.02483
  -1.10000   0.04190
  -1.00000   0.04684
  -0.90000   0.03767
  -0.80000   0.03154
  -0.70000   0.02935
  -0.60000   0.02860
  -0.50000   0.03715
  -0.40000   0.04685
  -0.30000   0.05317
  -0.20000   0.06238
  -0.10000   0.06616
   0.00000   0.07106
   0.10000   0.08346
   0.20000   0.09252
   0.30000   0.11545
   0.40000   0.16540
   0.50000   0.17505
   0.60000   0.10409
   0.70000   0.03207
   0.80000   0.00526
   0.90000   0.00002
   1.00000   0.00000
   1.10000   0.00000
   1.20000   0.00000
   1.30000   0.00000
   1.40000   0.00000
   1.50000   0.00000
   1.60000   0.00000
   1.70000   0.00000
   1.80000   0.00000
   1.90000   0.00000
   2.00000   0.00000
   2.10000   0.00000
   2.20000   0.00000
   2.30000   0.00000
   2.40000   0.00000
   2.50000   0.00000
   2.60000   0.00000
   2.70000   0.00000
   2.80000   0.00000
   2.90000   0.00000
   3.00000   0.00000
