 hydroxy-aceticacid sigma-profile (sigma [e/nm^2], p(sigma)*At [nm^2])
  -3.00000   0.00000
  -2.90000   0.00000
  -2.80000   0.00000
  -2.70000   0.00000
  -2.60000   0.00000
  -2.50000   0.00000
  -2.40000   0.00000
  -2.30000   0.00000
  -2.20000   0.00000
  -2.10000   0.00061
  -2.00000   0.00501
  -1.90000   0.01227
  -1.80000   0.01620
  -1.70000   0.01546
  -1.60000   0.01417
  -1.50000   0.01576
  -1.40000   0.01526
  -1.30000   0.01233
  -1.20000   0.01425
  -1.10000   0.02165
  -1.00000   0.03582
  -0.90000   0.04933
  -0.80000   0.05168
  -0.70000   0.04478
  -0.60000   0.03485
  -0.50000   0.03179
  -0.40000   0.03552
  -0.30000   0.03606
  -0.20000   0.03011
  -0.10000   0.02274
   0.00000   0.01833
   0.10000   0.01859
   0.20000   0.02323
   0.30000   0.02465
   0.40000   0.02015
   0.50000   0.01694
   0.60000   0.02320
   0.70000   0.03234
   0.80000   0.03423
   0.90000   0.03632
   1.00000   0.04176
   1.10000   0.04873
   1.20000   0.05380
   1.30000   0.04634
   1.40000   0.03094
   1.50000   0.01866
   1.60000   0.00925
   1.70000   0.00247
   1.80000   0.00009
   1.90000   0.00000
   2.00000   0.00000
   2.10000   0.00000
   2.20000   0.00000
   2.30000   0.00000
   2.40000   0.00000
   2.50000   0.00000
   2.60000   0.00000
   2.70000   0.00000
   2.80000   0.00000
   2.90000   0.00000
   3.00000   0.00000
