 carbonochloridicacidmethylester sigma-profile (sigma [e/nm^2], p(sigma)*At [nm^2])
  -3.00000   0.00000
  -2.90000   0.00000
  -2.80000   0.00000
  -2.70000   0.00000
  -2.60000   0.00000
  -2.50000   0.00000
  -2.40000   0.00000
  -2.30000   0.00000
  -2.20000   0.00000
  -2.10000   0.00000
  -2.00000   0.00000
  -1.90000   0.00000
  -1.80000   0.00000
  -1.70000   0.00000
  -1.60000   0.00000
  -1.50000   0.00000
  -1.40000   0.00000
  -1.30000   0.00000
  -1.20000   0.00000
  -1.10000   0.00016
  -1.00000   0.01325
  -0.90000   0.04196
  -0.80000   0.06147
  -0.70000   0.06193
  -0.60000   0.05953
  -0.50000   0.06929
  -0.40000   0.07749
  -0.30000   0.06983
  -0.20000   0.05367
  -0.10000   0.04295
   0.00000   0.04630
   0.10000   0.05004
   0.20000   0.06082
   0.30000   0.08637
   0.40000   0.09100
   0.50000   0.06247
   0.60000   0.03385
   0.70000   0.02808
   0.80000   0.03874
   0.90000   0.04540
   1.00000   0.03439
   1.10000   0.01614
   1.20000   0.00469
   1.30000   0.00058
   1.40000   0.00000
   1.50000   0.00000
   1.60000   0.00000
   1.70000   0.00000
   1.80000   0.00000
   1.90000   0.00000
   2.00000   0.00000
   2.10000   0.00000
   2.20000   0.00000
   2.30000   0.00000
   2.40000   0.00000
   2.50000   0.00000
   2.60000   0.00000
   2.70000   0.00000
   2.80000   0.00000
   2.90000   0.00000
   3.00000   0.00000
