 2-nitropropane sigma-profile (sigma [e/nm^2], p(sigma)*At [nm^2])
  -3.00000   0.00000
  -2.90000   0.00000
  -2.80000   0.00000
  -2.70000   0.00000
  -2.60000   0.00000
  -2.50000   0.00000
  -2.40000   0.00000
  -2.30000   0.00000
  -2.20000   0.00000
  -2.10000   0.00000
  -2.00000   0.00000
  -1.90000   0.00000
  -1.80000   0.00000
  -1.70000   0.00000
  -1.60000   0.00000
  -1.50000   0.00000
  -1.40000   0.00000
  -1.30000   0.00000
  -1.20000   0.00000
  -1.10000   0.00000
  -1.00000   0.00212
  -0.90000   0.01081
  -0.80000   0.03845
  -0.70000   0.08491
  -0.60000   0.11565
  -0.50000   0.11316
  -0.40000   0.09389
  -0.30000   0.07579
  -0.20000   0.07786
  -0.10000   0.09957
   0.00000   0.09568
   0.10000   0.05341
   0.20000   0.02312
   0.30000   0.01617
   0.40000   0.01513
   0.50000   0.02334
   0.60000   0.04755
   0.70000   0.06944
   0.80000   0.06215
   0.90000   0.04319
   1.00000   0.03378
   1.10000   0.02830
   1.20000   0.02185
   1.30000   0.01333
   1.40000   0.00461
   1.50000   0.00042
   1.60000   0.00000
   1.70000   0.00000
   1.80000   0.00000
   1.90000   0.00000
   2.00000   0.00000
   2.10000   0.00000
   2.20000   0.00000
   2.30000   0.00000
   2.40000   0.00000
   2.50000   0.00000
   2.60000   0.00000
   2.70000   0.00000
   2.80000   0.00000
   2.90000   0.00000
   3.00000   0.00000
