 p-menthan-hydroperoxid sigma-profile (sigma [e/nm^2], p(sigma)*At [nm^2])
  -3.00000   0.00000
  -2.90000   0.00000
  -2.80000   0.00000
  -2.70000   0.00000
  -2.60000   0.00000
  -2.50000   0.00000
  -2.40000   0.00000
  -2.30000   0.00000
  -2.20000   0.00000
  -2.10000   0.00000
  -2.00000   0.00018
  -1.90000   0.00242
  -1.80000   0.00723
  -1.70000   0.01064
  -1.60000   0.00919
  -1.50000   0.00553
  -1.40000   0.00558
  -1.30000   0.00768
  -1.20000   0.00722
  -1.10000   0.00545
  -1.00000   0.00404
  -0.90000   0.00446
  -0.80000   0.00610
  -0.70000   0.01227
  -0.60000   0.03667
  -0.50000   0.08858
  -0.40000   0.16109
  -0.30000   0.21472
  -0.20000   0.22766
  -0.10000   0.23276
   0.00000   0.24111
   0.10000   0.23853
   0.20000   0.20965
   0.30000   0.14356
   0.40000   0.06908
   0.50000   0.02557
   0.60000   0.01296
   0.70000   0.01178
   0.80000   0.01578
   0.90000   0.02097
   1.00000   0.02468
   1.10000   0.02896
   1.20000   0.03295
   1.30000   0.03041
   1.40000   0.01975
   1.50000   0.00883
   1.60000   0.00225
   1.70000   0.00006
   1.80000   0.00000
   1.90000   0.00000
   2.00000   0.00000
   2.10000   0.00000
   2.20000   0.00000
   2.30000   0.00000
   2.40000   0.00000
   2.50000   0.00000
   2.60000   0.00000
   2.70000   0.00000
   2.80000   0.00000
   2.90000   0.00000
   3.00000   0.00000
