 4-(1,1-dimethylpropyl)-phenol sigma-profile (sigma [e/nm^2], p(sigma)*At [nm^2])
  -3.00000   0.00000
  -2.90000   0.00000
  -2.80000   0.00000
  -2.70000   0.00000
  -2.60000   0.00000
  -2.50000   0.00000
  -2.40000   0.00000
  -2.30000   0.00000
  -2.20000   0.00000
  -2.10000   0.00047
  -2.00000   0.00368
  -1.90000   0.00894
  -1.80000   0.01099
  -1.70000   0.00904
  -1.60000   0.00813
  -1.50000   0.00855
  -1.40000   0.00703
  -1.30000   0.00578
  -1.20000   0.00537
  -1.10000   0.00584
  -1.00000   0.00843
  -0.90000   0.01224
  -0.80000   0.02407
  -0.70000   0.04247
  -0.60000   0.05798
  -0.50000   0.09184
  -0.40000   0.14944
  -0.30000   0.17138
  -0.20000   0.15683
  -0.10000   0.14975
   0.00000   0.14389
   0.10000   0.16237
   0.20000   0.20498
   0.30000   0.19622
   0.40000   0.13455
   0.50000   0.09471
   0.60000   0.08144
   0.70000   0.05849
   0.80000   0.02774
   0.90000   0.01088
   1.00000   0.01078
   1.10000   0.01488
   1.20000   0.01853
   1.30000   0.01679
   1.40000   0.00797
   1.50000   0.00119
   1.60000   0.00000
   1.70000   0.00000
   1.80000   0.00000
   1.90000   0.00000
   2.00000   0.00000
   2.10000   0.00000
   2.20000   0.00000
   2.30000   0.00000
   2.40000   0.00000
   2.50000   0.00000
   2.60000   0.00000
   2.70000   0.00000
   2.80000   0.00000
   2.90000   0.00000
   3.00000   0.00000
