 methylmethacrylate sigma-profile (sigma [e/nm^2], p(sigma)*At [nm^2])
  -3.00000   0.00000
  -2.90000   0.00000
  -2.80000   0.00000
  -2.70000   0.00000
  -2.60000   0.00000
  -2.50000   0.00000
  -2.40000   0.00000
  -2.30000   0.00000
  -2.20000   0.00000
  -2.10000   0.00000
  -2.00000   0.00000
  -1.90000   0.00000
  -1.80000   0.00000
  -1.70000   0.00000
  -1.60000   0.00000
  -1.50000   0.00000
  -1.40000   0.00000
  -1.30000   0.00000
  -1.20000   0.00000
  -1.10000   0.00000
  -1.00000   0.00009
  -0.90000   0.00762
  -0.80000   0.03711
  -0.70000   0.07694
  -0.60000   0.10057
  -0.50000   0.10539
  -0.40000   0.11095
  -0.30000   0.12530
  -0.20000   0.12798
  -0.10000   0.11789
   0.00000   0.11271
   0.10000   0.10157
   0.20000   0.07343
   0.30000   0.05472
   0.40000   0.05067
   0.50000   0.03720
   0.60000   0.02120
   0.70000   0.01907
   0.80000   0.02184
   0.90000   0.01960
   1.00000   0.01735
   1.10000   0.01908
   1.20000   0.02763
   1.30000   0.03496
   1.40000   0.02766
   1.50000   0.01317
   1.60000   0.00357
   1.70000   0.00026
   1.80000   0.00000
   1.90000   0.00000
   2.00000   0.00000
   2.10000   0.00000
   2.20000   0.00000
   2.30000   0.00000
   2.40000   0.00000
   2.50000   0.00000
   2.60000   0.00000
   2.70000   0.00000
   2.80000   0.00000
   2.90000   0.00000
   3.00000   0.00000
