 1,3-dimethyl-2-imidazolidinone sigma-profile (sigma [e/nm^2], p(sigma)*At [nm^2])
  -3.00000   0.00000
  -2.90000   0.00000
  -2.80000   0.00000
  -2.70000   0.00000
  -2.60000   0.00000
  -2.50000   0.00000
  -2.40000   0.00000
  -2.30000   0.00000
  -2.20000   0.00000
  -2.10000   0.00000
  -2.00000   0.00000
  -1.90000   0.00000
  -1.80000   0.00000
  -1.70000   0.00000
  -1.60000   0.00000
  -1.50000   0.00000
  -1.40000   0.00000
  -1.30000   0.00000
  -1.20000   0.00000
  -1.10000   0.00000
  -1.00000   0.00000
  -0.90000   0.00003
  -0.80000   0.01097
  -0.70000   0.05291
  -0.60000   0.11898
  -0.50000   0.17065
  -0.40000   0.18501
  -0.30000   0.17330
  -0.20000   0.16206
  -0.10000   0.14549
   0.00000   0.10056
   0.10000   0.05732
   0.20000   0.03958
   0.30000   0.02965
   0.40000   0.02375
   0.50000   0.02313
   0.60000   0.02211
   0.70000   0.01949
   0.80000   0.01482
   0.90000   0.01098
   1.00000   0.01009
   1.10000   0.01177
   1.20000   0.01389
   1.30000   0.01139
   1.40000   0.01290
   1.50000   0.02729
   1.60000   0.03928
   1.70000   0.03512
   1.80000   0.02022
   1.90000   0.00569
   2.00000   0.00000
   2.10000   0.00000
   2.20000   0.00000
   2.30000   0.00000
   2.40000   0.00000
   2.50000   0.00000
   2.60000   0.00000
   2.70000   0.00000
   2.80000   0.00000
   2.90000   0.00000
   3.00000   0.00000
