 1,1,1,2-tetrafluoroethane sigma-profile (sigma [e/nm^2], p(sigma)*At [nm^2])
  -3.00000   0.00000
  -2.90000   0.00000
  -2.80000   0.00000
  -2.70000   0.00000
  -2.60000   0.00000
  -2.50000   0.00000
  -2.40000   0.00000
  -2.30000   0.00000
  -2.20000   0.00000
  -2.10000   0.00000
  -2.00000   0.00000
  -1.90000   0.00000
  -1.80000   0.00000
  -1.70000   0.00000
  -1.60000   0.00000
  -1.50000   0.00000
  -1.40000   0.00000
  -1.30000   0.00154
  -1.20000   0.01700
  -1.10000   0.04080
  -1.00000   0.04270
  -0.90000   0.02999
  -0.80000   0.02863
  -0.70000   0.03011
  -0.60000   0.02403
  -0.50000   0.02151
  -0.40000   0.02494
  -0.30000   0.02278
  -0.20000   0.01843
  -0.10000   0.02478
   0.00000   0.04130
   0.10000   0.08183
   0.20000   0.16272
   0.30000   0.19481
   0.40000   0.12336
   0.50000   0.06532
   0.60000   0.05040
   0.70000   0.02247
   0.80000   0.00244
   0.90000   0.00000
   1.00000   0.00000
   1.10000   0.00000
   1.20000   0.00000
   1.30000   0.00000
   1.40000   0.00000
   1.50000   0.00000
   1.60000   0.00000
   1.70000   0.00000
   1.80000   0.00000
   1.90000   0.00000
   2.00000   0.00000
   2.10000   0.00000
   2.20000   0.00000
   2.30000   0.00000
   2.40000   0.00000
   2.50000   0.00000
   2.60000   0.00000
   2.70000   0.00000
   2.80000   0.00000
   2.90000   0.00000
   3.00000   0.00000
