 1,1-dichloro-1,2,2-trifluoroethane sigma-profile (sigma [e/nm^2], p(sigma)*At [nm^2])
  -3.00000   0.00000
  -2.90000   0.00000
  -2.80000   0.00000
  -2.70000   0.00000
  -2.60000   0.00000
  -2.50000   0.00000
  -2.40000   0.00000
  -2.30000   0.00000
  -2.20000   0.00000
  -2.10000   0.00000
  -2.00000   0.00000
  -1.90000   0.00000
  -1.80000   0.00000
  -1.70000   0.00000
  -1.60000   0.00000
  -1.50000   0.00146
  -1.40000   0.01267
  -1.30000   0.02435
  -1.20000   0.02014
  -1.10000   0.01302
  -1.00000   0.01026
  -0.90000   0.00835
  -0.80000   0.01016
  -0.70000   0.01932
  -0.60000   0.02970
  -0.50000   0.03688
  -0.40000   0.04108
  -0.30000   0.04088
  -0.20000   0.05447
  -0.10000   0.07363
   0.00000   0.10071
   0.10000   0.18421
   0.20000   0.26673
   0.30000   0.23936
   0.40000   0.12848
   0.50000   0.03409
   0.60000   0.00117
   0.70000   0.00000
   0.80000   0.00000
   0.90000   0.00000
   1.00000   0.00000
   1.10000   0.00000
   1.20000   0.00000
   1.30000   0.00000
   1.40000   0.00000
   1.50000   0.00000
   1.60000   0.00000
   1.70000   0.00000
   1.80000   0.00000
   1.90000   0.00000
   2.00000   0.00000
   2.10000   0.00000
   2.20000   0.00000
   2.30000   0.00000
   2.40000   0.00000
   2.50000   0.00000
   2.60000   0.00000
   2.70000   0.00000
   2.80000   0.00000
   2.90000   0.00000
   3.00000   0.00000
