 tetradecanedioicacid sigma-profile (sigma [e/nm^2], p(sigma)*At [nm^2])
  -3.00000   0.00000
  -2.90000   0.00000
  -2.80000   0.00000
  -2.70000   0.00000
  -2.60000   0.00000
  -2.50000   0.00000
  -2.40000   0.00000
  -2.30000   0.00000
  -2.20000   0.00000
  -2.10000   0.00109
  -2.00000   0.00908
  -1.90000   0.02139
  -1.80000   0.02493
  -1.70000   0.02115
  -1.60000   0.01669
  -1.50000   0.01115
  -1.40000   0.00898
  -1.30000   0.01102
  -1.20000   0.01127
  -1.10000   0.00924
  -1.00000   0.00785
  -0.90000   0.01260
  -0.80000   0.03718
  -0.70000   0.07000
  -0.60000   0.08653
  -0.50000   0.12567
  -0.40000   0.22790
  -0.30000   0.32576
  -0.20000   0.35349
  -0.10000   0.33798
   0.00000   0.29351
   0.10000   0.22825
   0.20000   0.18728
   0.30000   0.15751
   0.40000   0.09689
   0.50000   0.03971
   0.60000   0.02986
   0.70000   0.04690
   0.80000   0.05006
   0.90000   0.04610
   1.00000   0.05860
   1.10000   0.07429
   1.20000   0.07338
   1.30000   0.06078
   1.40000   0.04888
   1.50000   0.03135
   1.60000   0.01121
   1.70000   0.00162
   1.80000   0.00000
   1.90000   0.00000
   2.00000   0.00000
   2.10000   0.00000
   2.20000   0.00000
   2.30000   0.00000
   2.40000   0.00000
   2.50000   0.00000
   2.60000   0.00000
   2.70000   0.00000
   2.80000   0.00000
   2.90000   0.00000
   3.00000   0.00000
