 1-undecene sigma-profile (sigma [e/nm^2], p(sigma)*At [nm^2])
  -3.00000   0.00000
  -2.90000   0.00000
  -2.80000   0.00000
  -2.70000   0.00000
  -2.60000   0.00000
  -2.50000   0.00000
  -2.40000   0.00000
  -2.30000   0.00000
  -2.20000   0.00000
  -2.10000   0.00000
  -2.00000   0.00000
  -1.90000   0.00000
  -1.80000   0.00000
  -1.70000   0.00000
  -1.60000   0.00000
  -1.50000   0.00000
  -1.40000   0.00000
  -1.30000   0.00000
  -1.20000   0.00000
  -1.10000   0.00000
  -1.00000   0.00000
  -0.90000   0.00000
  -0.80000   0.00056
  -0.70000   0.01043
  -0.60000   0.03320
  -0.50000   0.07474
  -0.40000   0.16917
  -0.30000   0.27127
  -0.20000   0.30452
  -0.10000   0.30984
   0.00000   0.31608
   0.10000   0.29465
   0.20000   0.25735
   0.30000   0.21173
   0.40000   0.13188
   0.50000   0.05610
   0.60000   0.03133
   0.70000   0.02644
   0.80000   0.02141
   0.90000   0.01748
   1.00000   0.00880
   1.10000   0.00161
   1.20000   0.00000
   1.30000   0.00000
   1.40000   0.00000
   1.50000   0.00000
   1.60000   0.00000
   1.70000   0.00000
   1.80000   0.00000
   1.90000   0.00000
   2.00000   0.00000
   2.10000   0.00000
   2.20000   0.00000
   2.30000   0.00000
   2.40000   0.00000
   2.50000   0.00000
   2.60000   0.00000
   2.70000   0.00000
   2.80000   0.00000
   2.90000   0.00000
   3.00000   0.00000
