 2-nonanone sigma-profile (sigma [e/nm^2], p(sigma)*At [nm^2])
  -3.00000   0.00000
  -2.90000   0.00000
  -2.80000   0.00000
  -2.70000   0.00000
  -2.60000   0.00000
  -2.50000   0.00000
  -2.40000   0.00000
  -2.30000   0.00000
  -2.20000   0.00000
  -2.10000   0.00000
  -2.00000   0.00000
  -1.90000   0.00000
  -1.80000   0.00000
  -1.70000   0.00000
  -1.60000   0.00000
  -1.50000   0.00000
  -1.40000   0.00000
  -1.30000   0.00000
  -1.20000   0.00000
  -1.10000   0.00000
  -1.00000   0.00000
  -0.90000   0.00290
  -0.80000   0.02243
  -0.70000   0.05854
  -0.60000   0.08240
  -0.50000   0.10496
  -0.40000   0.16643
  -0.30000   0.23088
  -0.20000   0.25488
  -0.10000   0.26207
   0.00000   0.24671
   0.10000   0.20048
   0.20000   0.16706
   0.30000   0.13662
   0.40000   0.07437
   0.50000   0.02080
   0.60000   0.00712
   0.70000   0.00978
   0.80000   0.01075
   0.90000   0.01182
   1.00000   0.01532
   1.10000   0.01869
   1.20000   0.02404
   1.30000   0.02760
   1.40000   0.02432
   1.50000   0.01939
   1.60000   0.01491
   1.70000   0.00951
   1.80000   0.00379
   1.90000   0.00050
   2.00000   0.00000
   2.10000   0.00000
   2.20000   0.00000
   2.30000   0.00000
   2.40000   0.00000
   2.50000   0.00000
   2.60000   0.00000
   2.70000   0.00000
   2.80000   0.00000
   2.90000   0.00000
   3.00000   0.00000
