 stigmasterol sigma-profile (sigma [e/nm^2], p(sigma)*At [nm^2])
  -3.00000   0.00000
  -2.90000   0.00000
  -2.80000   0.00000
  -2.70000   0.00000
  -2.60000   0.00000
  -2.50000   0.00000
  -2.40000   0.00000
  -2.30000   0.00000
  -2.20000   0.00000
  -2.10000   0.00000
  -2.00000   0.00000
  -1.90000   0.00000
  -1.80000   0.00178
  -1.70000   0.00597
  -1.60000   0.00941
  -1.50000   0.00996
  -1.40000   0.00857
  -1.30000   0.00768
  -1.20000   0.00735
  -1.10000   0.00579
  -1.00000   0.00484
  -0.90000   0.00534
  -0.80000   0.00589
  -0.70000   0.00822
  -0.60000   0.03802
  -0.50000   0.16088
  -0.40000   0.36314
  -0.30000   0.49311
  -0.20000   0.51630
  -0.10000   0.50947
   0.00000   0.48065
   0.10000   0.48326
   0.20000   0.51310
   0.30000   0.41857
   0.40000   0.21279
   0.50000   0.08034
   0.60000   0.04400
   0.70000   0.03036
   0.80000   0.02342
   0.90000   0.01560
   1.00000   0.00984
   1.10000   0.01166
   1.20000   0.01488
   1.30000   0.01237
   1.40000   0.00869
   1.50000   0.01277
   1.60000   0.01879
   1.70000   0.01685
   1.80000   0.00925
   1.90000   0.00277
   2.00000   0.00026
   2.10000   0.00000
   2.20000   0.00000
   2.30000   0.00000
   2.40000   0.00000
   2.50000   0.00000
   2.60000   0.00000
   2.70000   0.00000
   2.80000   0.00000
   2.90000   0.00000
   3.00000   0.00000
