 sitosterol sigma-profile (sigma [e/nm^2], p(sigma)*At [nm^2])
  -3.00000   0.00000
  -2.90000   0.00000
  -2.80000   0.00000
  -2.70000   0.00000
  -2.60000   0.00000
  -2.50000   0.00000
  -2.40000   0.00000
  -2.30000   0.00000
  -2.20000   0.00000
  -2.10000   0.00000
  -2.00000   0.00000
  -1.90000   0.00000
  -1.80000   0.00163
  -1.70000   0.00593
  -1.60000   0.01006
  -1.50000   0.01009
  -1.40000   0.00794
  -1.30000   0.00768
  -1.20000   0.00775
  -1.10000   0.00640
  -1.00000   0.00529
  -0.90000   0.00520
  -0.80000   0.00550
  -0.70000   0.00751
  -0.60000   0.02967
  -0.50000   0.14125
  -0.40000   0.34827
  -0.30000   0.49681
  -0.20000   0.53487
  -0.10000   0.54358
   0.00000   0.51707
   0.10000   0.50639
   0.20000   0.53060
   0.30000   0.42521
   0.40000   0.20346
   0.50000   0.06179
   0.60000   0.03026
   0.70000   0.02896
   0.80000   0.02633
   0.90000   0.01696
   1.00000   0.00881
   1.10000   0.01079
   1.20000   0.01482
   1.30000   0.01232
   1.40000   0.00854
   1.50000   0.01214
   1.60000   0.01840
   1.70000   0.01764
   1.80000   0.01005
   1.90000   0.00289
   2.00000   0.00020
   2.10000   0.00000
   2.20000   0.00000
   2.30000   0.00000
   2.40000   0.00000
   2.50000   0.00000
   2.60000   0.00000
   2.70000   0.00000
   2.80000   0.00000
   2.90000   0.00000
   3.00000   0.00000
