 dibutylphthalate sigma-profile (sigma [e/nm^2], p(sigma)*At [nm^2])
  -3.00000   0.00000
  -2.90000   0.00000
  -2.80000   0.00000
  -2.70000   0.00000
  -2.60000   0.00000
  -2.50000   0.00000
  -2.40000   0.00000
  -2.30000   0.00000
  -2.20000   0.00000
  -2.10000   0.00000
  -2.00000   0.00000
  -1.90000   0.00000
  -1.80000   0.00000
  -1.70000   0.00000
  -1.60000   0.00000
  -1.50000   0.00000
  -1.40000   0.00000
  -1.30000   0.00000
  -1.20000   0.00000
  -1.10000   0.00003
  -1.00000   0.00609
  -0.90000   0.02800
  -0.80000   0.06497
  -0.70000   0.09841
  -0.60000   0.13260
  -0.50000   0.21057
  -0.40000   0.30512
  -0.30000   0.33903
  -0.20000   0.32350
  -0.10000   0.28710
   0.00000   0.26427
   0.10000   0.30145
   0.20000   0.31955
   0.30000   0.22783
   0.40000   0.09924
   0.50000   0.04057
   0.60000   0.03402
   0.70000   0.03476
   0.80000   0.03842
   0.90000   0.03756
   1.00000   0.03612
   1.10000   0.04977
   1.20000   0.06706
   1.30000   0.05819
   1.40000   0.03289
   1.50000   0.01444
   1.60000   0.00437
   1.70000   0.00051
   1.80000   0.00000
   1.90000   0.00000
   2.00000   0.00000
   2.10000   0.00000
   2.20000   0.00000
   2.30000   0.00000
   2.40000   0.00000
   2.50000   0.00000
   2.60000   0.00000
   2.70000   0.00000
   2.80000   0.00000
   2.90000   0.00000
   3.00000   0.00000
