 dihexylphthalate sigma-profile (sigma [e/nm^2], p(sigma)*At [nm^2])
  -3.00000   0.00000
  -2.90000   0.00000
  -2.80000   0.00000
  -2.70000   0.00000
  -2.60000   0.00000
  -2.50000   0.00000
  -2.40000   0.00000
  -2.30000   0.00000
  -2.20000   0.00000
  -2.10000   0.00000
  -2.00000   0.00000
  -1.90000   0.00000
  -1.80000   0.00000
  -1.70000   0.00000
  -1.60000   0.00000
  -1.50000   0.00000
  -1.40000   0.00000
  -1.30000   0.00000
  -1.20000   0.00000
  -1.10000   0.00000
  -1.00000   0.00556
  -0.90000   0.02814
  -0.80000   0.06560
  -0.70000   0.09620
  -0.60000   0.12397
  -0.50000   0.20575
  -0.40000   0.34611
  -0.30000   0.43936
  -0.20000   0.44060
  -0.10000   0.40748
   0.00000   0.37927
   0.10000   0.39010
   0.20000   0.41065
   0.30000   0.31507
   0.40000   0.13785
   0.50000   0.04586
   0.60000   0.03906
   0.70000   0.04154
   0.80000   0.03872
   0.90000   0.03405
   1.00000   0.03312
   1.10000   0.04725
   1.20000   0.06496
   1.30000   0.05750
   1.40000   0.03527
   1.50000   0.01633
   1.60000   0.00428
   1.70000   0.00041
   1.80000   0.00000
   1.90000   0.00000
   2.00000   0.00000
   2.10000   0.00000
   2.20000   0.00000
   2.30000   0.00000
   2.40000   0.00000
   2.50000   0.00000
   2.60000   0.00000
   2.70000   0.00000
   2.80000   0.00000
   2.90000   0.00000
   3.00000   0.00000
