 2,6-naphthalenedicarboxylicaciddimethylester sigma-profile (sigma [e/nm^2], p(sigma)*At [nm^2])
  -3.00000   0.00000
  -2.90000   0.00000
  -2.80000   0.00000
  -2.70000   0.00000
  -2.60000   0.00000
  -2.50000   0.00000
  -2.40000   0.00000
  -2.30000   0.00000
  -2.20000   0.00000
  -2.10000   0.00000
  -2.00000   0.00000
  -1.90000   0.00000
  -1.80000   0.00000
  -1.70000   0.00000
  -1.60000   0.00000
  -1.50000   0.00000
  -1.40000   0.00000
  -1.30000   0.00000
  -1.20000   0.00000
  -1.10000   0.00024
  -1.00000   0.00689
  -0.90000   0.04333
  -0.80000   0.11480
  -0.70000   0.15913
  -0.60000   0.15259
  -0.50000   0.15269
  -0.40000   0.17451
  -0.30000   0.19934
  -0.20000   0.20315
  -0.10000   0.17202
   0.00000   0.18014
   0.10000   0.24713
   0.20000   0.24475
   0.30000   0.15619
   0.40000   0.08307
   0.50000   0.04732
   0.60000   0.03879
   0.70000   0.04609
   0.80000   0.04110
   0.90000   0.02915
   1.00000   0.02666
   1.10000   0.04260
   1.20000   0.06791
   1.30000   0.06542
   1.40000   0.03700
   1.50000   0.01224
   1.60000   0.00152
   1.70000   0.00000
   1.80000   0.00000
   1.90000   0.00000
   2.00000   0.00000
   2.10000   0.00000
   2.20000   0.00000
   2.30000   0.00000
   2.40000   0.00000
   2.50000   0.00000
   2.60000   0.00000
   2.70000   0.00000
   2.80000   0.00000
   2.90000   0.00000
   3.00000   0.00000
