 2-(alpha-methylbenzyloxy)-1-propanol sigma-profile (sigma [e/nm^2], p(sigma)*At [nm^2])
  -3.00000   0.00000
  -2.90000   0.00000
  -2.80000   0.00000
  -2.70000   0.00000
  -2.60000   0.00000
  -2.50000   0.00000
  -2.40000   0.00000
  -2.30000   0.00000
  -2.20000   0.00000
  -2.10000   0.00000
  -2.00000   0.00000
  -1.90000   0.00000
  -1.80000   0.00000
  -1.70000   0.00000
  -1.60000   0.00032
  -1.50000   0.00144
  -1.40000   0.00367
  -1.30000   0.00463
  -1.20000   0.00371
  -1.10000   0.00460
  -1.00000   0.00604
  -0.90000   0.00941
  -0.80000   0.03678
  -0.70000   0.09396
  -0.60000   0.14856
  -0.50000   0.18342
  -0.40000   0.19005
  -0.30000   0.17732
  -0.20000   0.16453
  -0.10000   0.15820
   0.00000   0.16566
   0.10000   0.16340
   0.20000   0.14035
   0.30000   0.11493
   0.40000   0.10504
   0.50000   0.10832
   0.60000   0.08502
   0.70000   0.03738
   0.80000   0.01449
   0.90000   0.01389
   1.00000   0.01452
   1.10000   0.01831
   1.20000   0.01907
   1.30000   0.01499
   1.40000   0.01624
   1.50000   0.02441
   1.60000   0.02581
   1.70000   0.01575
   1.80000   0.00528
   1.90000   0.00081
   2.00000   0.00000
   2.10000   0.00000
   2.20000   0.00000
   2.30000   0.00000
   2.40000   0.00000
   2.50000   0.00000
   2.60000   0.00000
   2.70000   0.00000
   2.80000   0.00000
   2.90000   0.00000
   3.00000   0.00000
