 allylidenediacetate sigma-profile (sigma [e/nm^2], p(sigma)*At [nm^2])
  -3.00000   0.00000
  -2.90000   0.00000
  -2.80000   0.00000
  -2.70000   0.00000
  -2.60000   0.00000
  -2.50000   0.00000
  -2.40000   0.00000
  -2.30000   0.00000
  -2.20000   0.00000
  -2.10000   0.00000
  -2.00000   0.00000
  -1.90000   0.00000
  -1.80000   0.00000
  -1.70000   0.00000
  -1.60000   0.00000
  -1.50000   0.00000
  -1.40000   0.00000
  -1.30000   0.00000
  -1.20000   0.00000
  -1.10000   0.00019
  -1.00000   0.00661
  -0.90000   0.04890
  -0.80000   0.11662
  -0.70000   0.14170
  -0.60000   0.14024
  -0.50000   0.13353
  -0.40000   0.11232
  -0.30000   0.13353
  -0.20000   0.17514
  -0.10000   0.15722
   0.00000   0.09980
   0.10000   0.06956
   0.20000   0.06949
   0.30000   0.06703
   0.40000   0.05919
   0.50000   0.05247
   0.60000   0.04901
   0.70000   0.05099
   0.80000   0.05026
   0.90000   0.04469
   1.00000   0.04769
   1.10000   0.06142
   1.20000   0.06263
   1.30000   0.04188
   1.40000   0.02164
   1.50000   0.00974
   1.60000   0.00229
   1.70000   0.00008
   1.80000   0.00000
   1.90000   0.00000
   2.00000   0.00000
   2.10000   0.00000
   2.20000   0.00000
   2.30000   0.00000
   2.40000   0.00000
   2.50000   0.00000
   2.60000   0.00000
   2.70000   0.00000
   2.80000   0.00000
   2.90000   0.00000
   3.00000   0.00000
