 phthalide sigma-profile (sigma [e/nm^2], p(sigma)*At [nm^2])
  -3.00000   0.00000
  -2.90000   0.00000
  -2.80000   0.00000
  -2.70000   0.00000
  -2.60000   0.00000
  -2.50000   0.00000
  -2.40000   0.00000
  -2.30000   0.00000
  -2.20000   0.00000
  -2.10000   0.00000
  -2.00000   0.00000
  -1.90000   0.00000
  -1.80000   0.00000
  -1.70000   0.00000
  -1.60000   0.00000
  -1.50000   0.00000
  -1.40000   0.00000
  -1.30000   0.00000
  -1.20000   0.00000
  -1.10000   0.00072
  -1.00000   0.01909
  -0.90000   0.06366
  -0.80000   0.09748
  -0.70000   0.10007
  -0.60000   0.09996
  -0.50000   0.10114
  -0.40000   0.09121
  -0.30000   0.08504
  -0.20000   0.08313
  -0.10000   0.07947
   0.00000   0.08585
   0.10000   0.10177
   0.20000   0.11571
   0.30000   0.10707
   0.40000   0.06387
   0.50000   0.02168
   0.60000   0.01144
   0.70000   0.01966
   0.80000   0.02572
   0.90000   0.02742
   1.00000   0.03048
   1.10000   0.03772
   1.20000   0.04319
   1.30000   0.03698
   1.40000   0.02700
   1.50000   0.01840
   1.60000   0.00860
   1.70000   0.00201
   1.80000   0.00009
   1.90000   0.00000
   2.00000   0.00000
   2.10000   0.00000
   2.20000   0.00000
   2.30000   0.00000
   2.40000   0.00000
   2.50000   0.00000
   2.60000   0.00000
   2.70000   0.00000
   2.80000   0.00000
   2.90000   0.00000
   3.00000   0.00000
