 1-penten-4-yne sigma-profile (sigma [e/nm^2], p(sigma)*At [nm^2])
  -3.00000   0.00000
  -2.90000   0.00000
  -2.80000   0.00000
  -2.70000   0.00000
  -2.60000   0.00000
  -2.50000   0.00000
  -2.40000   0.00000
  -2.30000   0.00000
  -2.20000   0.00000
  -2.10000   0.00000
  -2.00000   0.00000
  -1.90000   0.00000
  -1.80000   0.00000
  -1.70000   0.00000
  -1.60000   0.00000
  -1.50000   0.00023
  -1.40000   0.00352
  -1.30000   0.00996
  -1.20000   0.01227
  -1.10000   0.00770
  -1.00000   0.00727
  -0.90000   0.02110
  -0.80000   0.04236
  -0.70000   0.06095
  -0.60000   0.06814
  -0.50000   0.07099
  -0.40000   0.07920
  -0.30000   0.07480
  -0.20000   0.05920
  -0.10000   0.05351
   0.00000   0.06387
   0.10000   0.07643
   0.20000   0.06871
   0.30000   0.05340
   0.40000   0.06681
   0.50000   0.08343
   0.60000   0.06909
   0.70000   0.06302
   0.80000   0.06534
   0.90000   0.04096
   1.00000   0.01102
   1.10000   0.00030
   1.20000   0.00000
   1.30000   0.00000
   1.40000   0.00000
   1.50000   0.00000
   1.60000   0.00000
   1.70000   0.00000
   1.80000   0.00000
   1.90000   0.00000
   2.00000   0.00000
   2.10000   0.00000
   2.20000   0.00000
   2.30000   0.00000
   2.40000   0.00000
   2.50000   0.00000
   2.60000   0.00000
   2.70000   0.00000
   2.80000   0.00000
   2.90000   0.00000
   3.00000   0.00000
