 3-methyl-tetrahydrothiophene-1,1-dioxide sigma-profile (sigma [e/nm^2], p(sigma)*At [nm^2])
  -3.00000   0.00000
  -2.90000   0.00000
  -2.80000   0.00000
  -2.70000   0.00000
  -2.60000   0.00000
  -2.50000   0.00000
  -2.40000   0.00000
  -2.30000   0.00000
  -2.20000   0.00000
  -2.10000   0.00000
  -2.00000   0.00000
  -1.90000   0.00000
  -1.80000   0.00000
  -1.70000   0.00000
  -1.60000   0.00000
  -1.50000   0.00000
  -1.40000   0.00000
  -1.30000   0.00000
  -1.20000   0.00000
  -1.10000   0.00303
  -1.00000   0.02466
  -0.90000   0.05396
  -0.80000   0.07015
  -0.70000   0.09735
  -0.60000   0.13874
  -0.50000   0.16325
  -0.40000   0.15438
  -0.30000   0.12440
  -0.20000   0.09348
  -0.10000   0.07420
   0.00000   0.06962
   0.10000   0.05942
   0.20000   0.03502
   0.30000   0.01370
   0.40000   0.00864
   0.50000   0.01437
   0.60000   0.01671
   0.70000   0.01260
   0.80000   0.01112
   0.90000   0.01621
   1.00000   0.03373
   1.10000   0.05947
   1.20000   0.08298
   1.30000   0.09087
   1.40000   0.05838
   1.50000   0.01480
   1.60000   0.00003
   1.70000   0.00000
   1.80000   0.00000
   1.90000   0.00000
   2.00000   0.00000
   2.10000   0.00000
   2.20000   0.00000
   2.30000   0.00000
   2.40000   0.00000
   2.50000   0.00000
   2.60000   0.00000
   2.70000   0.00000
   2.80000   0.00000
   2.90000   0.00000
   3.00000   0.00000
