 1-decene sigma-profile (sigma [e/nm^2], p(sigma)*At [nm^2])
  -3.00000   0.00000
  -2.90000   0.00000
  -2.80000   0.00000
  -2.70000   0.00000
  -2.60000   0.00000
  -2.50000   0.00000
  -2.40000   0.00000
  -2.30000   0.00000
  -2.20000   0.00000
  -2.10000   0.00000
  -2.00000   0.00000
  -1.90000   0.00000
  -1.80000   0.00000
  -1.70000   0.00000
  -1.60000   0.00000
  -1.50000   0.00000
  -1.40000   0.00000
  -1.30000   0.00000
  -1.20000   0.00000
  -1.10000   0.00000
  -1.00000   0.00000
  -0.90000   0.00000
  -0.80000   0.00061
  -0.70000   0.01010
  -0.60000   0.03376
  -0.50000   0.07490
  -0.40000   0.15977
  -0.30000   0.24900
  -0.20000   0.27760
  -0.10000   0.28049
   0.00000   0.28402
   0.10000   0.26595
   0.20000   0.23619
   0.30000   0.19695
   0.40000   0.11979
   0.50000   0.05109
   0.60000   0.03266
   0.70000   0.02580
   0.80000   0.02047
   0.90000   0.01804
   1.00000   0.00902
   1.10000   0.00158
   1.20000   0.00002
   1.30000   0.00000
   1.40000   0.00000
   1.50000   0.00000
   1.60000   0.00000
   1.70000   0.00000
   1.80000   0.00000
   1.90000   0.00000
   2.00000   0.00000
   2.10000   0.00000
   2.20000   0.00000
   2.30000   0.00000
   2.40000   0.00000
   2.50000   0.00000
   2.60000   0.00000
   2.70000   0.00000
   2.80000   0.00000
   2.90000   0.00000
   3.00000   0.00000
