 2-ethylbutyricacid sigma-profile (sigma [e/nm^2], p(sigma)*At [nm^2])
  -3.00000   0.00000
  -2.90000   0.00000
  -2.80000   0.00000
  -2.70000   0.00000
  -2.60000   0.00000
  -2.50000   0.00000
  -2.40000   0.00000
  -2.30000   0.00000
  -2.20000   0.00000
  -2.10000   0.00049
  -2.00000   0.00478
  -1.90000   0.01121
  -1.80000   0.01295
  -1.70000   0.01080
  -1.60000   0.00717
  -1.50000   0.00423
  -1.40000   0.00524
  -1.30000   0.00727
  -1.20000   0.00641
  -1.10000   0.00419
  -1.00000   0.00356
  -0.90000   0.00447
  -0.80000   0.00513
  -0.70000   0.00810
  -0.60000   0.03745
  -0.50000   0.10169
  -0.40000   0.15099
  -0.30000   0.15868
  -0.20000   0.15102
  -0.10000   0.13736
   0.00000   0.13660
   0.10000   0.15721
   0.20000   0.14250
   0.30000   0.08110
   0.40000   0.03158
   0.50000   0.01703
   0.60000   0.01811
   0.70000   0.01874
   0.80000   0.01904
   0.90000   0.02362
   1.00000   0.02987
   1.10000   0.03331
   1.20000   0.03381
   1.30000   0.02965
   1.40000   0.02289
   1.50000   0.01537
   1.60000   0.00649
   1.70000   0.00106
   1.80000   0.00000
   1.90000   0.00000
   2.00000   0.00000
   2.10000   0.00000
   2.20000   0.00000
   2.30000   0.00000
   2.40000   0.00000
   2.50000   0.00000
   2.60000   0.00000
   2.70000   0.00000
   2.80000   0.00000
   2.90000   0.00000
   3.00000   0.00000
