 phthalicacid sigma-profile (sigma [e/nm^2], p(sigma)*At [nm^2])
  -3.00000   0.00000
  -2.90000   0.00000
  -2.80000   0.00000
  -2.70000   0.00000
  -2.60000   0.00000
  -2.50000   0.00000
  -2.40000   0.00000
  -2.30000   0.00019
  -2.20000   0.00449
  -2.10000   0.01199
  -2.00000   0.01434
  -1.90000   0.01204
  -1.80000   0.00801
  -1.70000   0.00382
  -1.60000   0.00492
  -1.50000   0.00805
  -1.40000   0.00695
  -1.30000   0.00489
  -1.20000   0.00402
  -1.10000   0.00385
  -1.00000   0.01366
  -0.90000   0.04025
  -0.80000   0.06683
  -0.70000   0.08261
  -0.60000   0.09280
  -0.50000   0.09496
  -0.40000   0.08990
  -0.30000   0.08904
  -0.20000   0.09352
  -0.10000   0.10480
   0.00000   0.13245
   0.10000   0.14962
   0.20000   0.11553
   0.30000   0.05870
   0.40000   0.03922
   0.50000   0.04202
   0.60000   0.03641
   0.70000   0.03665
   0.80000   0.03948
   0.90000   0.03503
   1.00000   0.03553
   1.10000   0.04272
   1.20000   0.05091
   1.30000   0.04866
   1.40000   0.03082
   1.50000   0.01650
   1.60000   0.01084
   1.70000   0.00618
   1.80000   0.00197
   1.90000   0.00006
   2.00000   0.00000
   2.10000   0.00000
   2.20000   0.00000
   2.30000   0.00000
   2.40000   0.00000
   2.50000   0.00000
   2.60000   0.00000
   2.70000   0.00000
   2.80000   0.00000
   2.90000   0.00000
   3.00000   0.00000
