 diphenyldisulfide sigma-profile (sigma [e/nm^2], p(sigma)*At [nm^2])
  -3.00000   0.00000
  -2.90000   0.00000
  -2.80000   0.00000
  -2.70000   0.00000
  -2.60000   0.00000
  -2.50000   0.00000
  -2.40000   0.00000
  -2.30000   0.00000
  -2.20000   0.00000
  -2.10000   0.00000
  -2.00000   0.00000
  -1.90000   0.00000
  -1.80000   0.00000
  -1.70000   0.00000
  -1.60000   0.00000
  -1.50000   0.00000
  -1.40000   0.00000
  -1.30000   0.00000
  -1.20000   0.00000
  -1.10000   0.00000
  -1.00000   0.00323
  -0.90000   0.02712
  -0.80000   0.08188
  -0.70000   0.12347
  -0.60000   0.12343
  -0.50000   0.12358
  -0.40000   0.12903
  -0.30000   0.12124
  -0.20000   0.12211
  -0.10000   0.13807
   0.00000   0.15575
   0.10000   0.18582
   0.20000   0.23467
   0.30000   0.27203
   0.40000   0.27939
   0.50000   0.21720
   0.60000   0.09523
   0.70000   0.01971
   0.80000   0.00376
   0.90000   0.00023
   1.00000   0.00000
   1.10000   0.00000
   1.20000   0.00000
   1.30000   0.00000
   1.40000   0.00000
   1.50000   0.00000
   1.60000   0.00000
   1.70000   0.00000
   1.80000   0.00000
   1.90000   0.00000
   2.00000   0.00000
   2.10000   0.00000
   2.20000   0.00000
   2.30000   0.00000
   2.40000   0.00000
   2.50000   0.00000
   2.60000   0.00000
   2.70000   0.00000
   2.80000   0.00000
   2.90000   0.00000
   3.00000   0.00000
