 dpg-monomethyl-ether-acetate sigma-profile (sigma [e/nm^2], p(sigma)*At [nm^2])
  -3.00000   0.00000
  -2.90000   0.00000
  -2.80000   0.00000
  -2.70000   0.00000
  -2.60000   0.00000
  -2.50000   0.00000
  -2.40000   0.00000
  -2.30000   0.00000
  -2.20000   0.00000
  -2.10000   0.00000
  -2.00000   0.00000
  -1.90000   0.00000
  -1.80000   0.00000
  -1.70000   0.00000
  -1.60000   0.00000
  -1.50000   0.00000
  -1.40000   0.00000
  -1.30000   0.00000
  -1.20000   0.00000
  -1.10000   0.00000
  -1.00000   0.00019
  -0.90000   0.01085
  -0.80000   0.04376
  -0.70000   0.10305
  -0.60000   0.19104
  -0.50000   0.25806
  -0.40000   0.25878
  -0.30000   0.23564
  -0.20000   0.22590
  -0.10000   0.21687
   0.00000   0.18810
   0.10000   0.14620
   0.20000   0.10070
   0.30000   0.05535
   0.40000   0.03302
   0.50000   0.03254
   0.60000   0.03370
   0.70000   0.03066
   0.80000   0.02598
   0.90000   0.02745
   1.00000   0.03411
   1.10000   0.04066
   1.20000   0.05162
   1.30000   0.05553
   1.40000   0.04509
   1.50000   0.03545
   1.60000   0.02931
   1.70000   0.02079
   1.80000   0.00986
   1.90000   0.00223
   2.00000   0.00016
   2.10000   0.00000
   2.20000   0.00000
   2.30000   0.00000
   2.40000   0.00000
   2.50000   0.00000
   2.60000   0.00000
   2.70000   0.00000
   2.80000   0.00000
   2.90000   0.00000
   3.00000   0.00000
