 2-methoxyphenol sigma-profile (sigma [e/nm^2], p(sigma)*At [nm^2])
  -3.00000   0.00000
  -2.90000   0.00000
  -2.80000   0.00000
  -2.70000   0.00000
  -2.60000   0.00000
  -2.50000   0.00000
  -2.40000   0.00000
  -2.30000   0.00000
  -2.20000   0.00000
  -2.10000   0.00000
  -2.00000   0.00000
  -1.90000   0.00065
  -1.80000   0.00293
  -1.70000   0.00587
  -1.60000   0.00681
  -1.50000   0.00566
  -1.40000   0.00406
  -1.30000   0.00308
  -1.20000   0.00407
  -1.10000   0.00581
  -1.00000   0.00805
  -0.90000   0.01500
  -0.80000   0.04421
  -0.70000   0.08779
  -0.60000   0.10523
  -0.50000   0.09767
  -0.40000   0.09418
  -0.30000   0.09890
  -0.20000   0.09529
  -0.10000   0.08424
   0.00000   0.08068
   0.10000   0.08093
   0.20000   0.08073
   0.30000   0.08662
   0.40000   0.09481
   0.50000   0.10069
   0.60000   0.10130
   0.70000   0.07804
   0.80000   0.03871
   0.90000   0.01591
   1.00000   0.01314
   1.10000   0.01719
   1.20000   0.01975
   1.30000   0.01501
   1.40000   0.00526
   1.50000   0.00013
   1.60000   0.00000
   1.70000   0.00000
   1.80000   0.00000
   1.90000   0.00000
   2.00000   0.00000
   2.10000   0.00000
   2.20000   0.00000
   2.30000   0.00000
   2.40000   0.00000
   2.50000   0.00000
   2.60000   0.00000
   2.70000   0.00000
   2.80000   0.00000
   2.90000   0.00000
   3.00000   0.00000
