 o-anisidine sigma-profile (sigma [e/nm^2], p(sigma)*At [nm^2])
  -3.00000   0.00000
  -2.90000   0.00000
  -2.80000   0.00000
  -2.70000   0.00000
  -2.60000   0.00000
  -2.50000   0.00000
  -2.40000   0.00000
  -2.30000   0.00000
  -2.20000   0.00000
  -2.10000   0.00000
  -2.00000   0.00000
  -1.90000   0.00000
  -1.80000   0.00000
  -1.70000   0.00000
  -1.60000   0.00062
  -1.50000   0.00433
  -1.40000   0.01282
  -1.30000   0.01903
  -1.20000   0.01750
  -1.10000   0.01588
  -1.00000   0.01566
  -0.90000   0.01864
  -0.80000   0.04169
  -0.70000   0.08052
  -0.60000   0.10612
  -0.50000   0.10686
  -0.40000   0.09687
  -0.30000   0.09772
  -0.20000   0.09885
  -0.10000   0.08361
   0.00000   0.07065
   0.10000   0.06844
   0.20000   0.07152
   0.30000   0.07545
   0.40000   0.07982
   0.50000   0.08694
   0.60000   0.09260
   0.70000   0.09448
   0.80000   0.07577
   0.90000   0.03765
   1.00000   0.01531
   1.10000   0.01261
   1.20000   0.01107
   1.30000   0.00729
   1.40000   0.00560
   1.50000   0.00662
   1.60000   0.00626
   1.70000   0.00383
   1.80000   0.00127
   1.90000   0.00011
   2.00000   0.00000
   2.10000   0.00000
   2.20000   0.00000
   2.30000   0.00000
   2.40000   0.00000
   2.50000   0.00000
   2.60000   0.00000
   2.70000   0.00000
   2.80000   0.00000
   2.90000   0.00000
   3.00000   0.00000
