 1,3-diisocyanato-2-methylbenzene sigma-profile (sigma [e/nm^2], p(sigma)*At [nm^2])
  -3.00000   0.00000
  -2.90000   0.00000
  -2.80000   0.00000
  -2.70000   0.00000
  -2.60000   0.00000
  -2.50000   0.00000
  -2.40000   0.00000
  -2.30000   0.00000
  -2.20000   0.00000
  -2.10000   0.00000
  -2.00000   0.00000
  -1.90000   0.00000
  -1.80000   0.00000
  -1.70000   0.00000
  -1.60000   0.00000
  -1.50000   0.00000
  -1.40000   0.00000
  -1.30000   0.00000
  -1.20000   0.00000
  -1.10000   0.00155
  -1.00000   0.00982
  -0.90000   0.02758
  -0.80000   0.04521
  -0.70000   0.06462
  -0.60000   0.09582
  -0.50000   0.12936
  -0.40000   0.15252
  -0.30000   0.14314
  -0.20000   0.12939
  -0.10000   0.16406
   0.00000   0.18849
   0.10000   0.16050
   0.20000   0.14433
   0.30000   0.14458
   0.40000   0.10497
   0.50000   0.05818
   0.60000   0.06178
   0.70000   0.10113
   0.80000   0.10251
   0.90000   0.04053
   1.00000   0.00043
   1.10000   0.00000
   1.20000   0.00000
   1.30000   0.00000
   1.40000   0.00000
   1.50000   0.00000
   1.60000   0.00000
   1.70000   0.00000
   1.80000   0.00000
   1.90000   0.00000
   2.00000   0.00000
   2.10000   0.00000
   2.20000   0.00000
   2.30000   0.00000
   2.40000   0.00000
   2.50000   0.00000
   2.60000   0.00000
   2.70000   0.00000
   2.80000   0.00000
   2.90000   0.00000
   3.00000   0.00000
