 2-methyl-quinoline sigma-profile (sigma [e/nm^2], p(sigma)*At [nm^2])
  -3.00000   0.00000
  -2.90000   0.00000
  -2.80000   0.00000
  -2.70000   0.00000
  -2.60000   0.00000
  -2.50000   0.00000
  -2.40000   0.00000
  -2.30000   0.00000
  -2.20000   0.00000
  -2.10000   0.00000
  -2.00000   0.00000
  -1.90000   0.00000
  -1.80000   0.00000
  -1.70000   0.00000
  -1.60000   0.00000
  -1.50000   0.00000
  -1.40000   0.00000
  -1.30000   0.00000
  -1.20000   0.00000
  -1.10000   0.00000
  -1.00000   0.00152
  -0.90000   0.01696
  -0.80000   0.05649
  -0.70000   0.09633
  -0.60000   0.11280
  -0.50000   0.11524
  -0.40000   0.11297
  -0.30000   0.10614
  -0.20000   0.10616
  -0.10000   0.11867
   0.00000   0.13575
   0.10000   0.15668
   0.20000   0.17211
   0.30000   0.16743
   0.40000   0.14087
   0.50000   0.09155
   0.60000   0.03688
   0.70000   0.00990
   0.80000   0.00616
   0.90000   0.00668
   1.00000   0.00817
   1.10000   0.00910
   1.20000   0.01054
   1.30000   0.00902
   1.40000   0.00556
   1.50000   0.00471
   1.60000   0.00452
   1.70000   0.00500
   1.80000   0.00692
   1.90000   0.00687
   2.00000   0.00411
   2.10000   0.00305
   2.20000   0.00291
   2.30000   0.00115
   2.40000   0.00002
   2.50000   0.00000
   2.60000   0.00000
   2.70000   0.00000
   2.80000   0.00000
   2.90000   0.00000
   3.00000   0.00000
