 3,3-dimethyl-1-butyne sigma-profile (sigma [e/nm^2], p(sigma)*At [nm^2])
  -3.00000   0.00000
  -2.90000   0.00000
  -2.80000   0.00000
  -2.70000   0.00000
  -2.60000   0.00000
  -2.50000   0.00000
  -2.40000   0.00000
  -2.30000   0.00000
  -2.20000   0.00000
  -2.10000   0.00000
  -2.00000   0.00000
  -1.90000   0.00000
  -1.80000   0.00000
  -1.70000   0.00000
  -1.60000   0.00000
  -1.50000   0.00004
  -1.40000   0.00260
  -1.30000   0.00762
  -1.20000   0.01106
  -1.10000   0.01008
  -1.00000   0.00746
  -0.90000   0.00793
  -0.80000   0.00647
  -0.70000   0.00811
  -0.60000   0.04386
  -0.50000   0.10770
  -0.40000   0.13445
  -0.30000   0.12535
  -0.20000   0.11381
  -0.10000   0.09294
   0.00000   0.10218
   0.10000   0.15399
   0.20000   0.15127
   0.30000   0.07364
   0.40000   0.03474
   0.50000   0.04402
   0.60000   0.03678
   0.70000   0.03639
   0.80000   0.05598
   0.90000   0.05017
   1.00000   0.02141
   1.10000   0.00409
   1.20000   0.00000
   1.30000   0.00000
   1.40000   0.00000
   1.50000   0.00000
   1.60000   0.00000
   1.70000   0.00000
   1.80000   0.00000
   1.90000   0.00000
   2.00000   0.00000
   2.10000   0.00000
   2.20000   0.00000
   2.30000   0.00000
   2.40000   0.00000
   2.50000   0.00000
   2.60000   0.00000
   2.70000   0.00000
   2.80000   0.00000
   2.90000   0.00000
   3.00000   0.00000
