 4,4-dimethyl-3-oxahexane sigma-profile (sigma [e/nm^2], p(sigma)*At [nm^2])
  -3.00000   0.00000
  -2.90000   0.00000
  -2.80000   0.00000
  -2.70000   0.00000
  -2.60000   0.00000
  -2.50000   0.00000
  -2.40000   0.00000
  -2.30000   0.00000
  -2.20000   0.00000
  -2.10000   0.00000
  -2.00000   0.00000
  -1.90000   0.00000
  -1.80000   0.00000
  -1.70000   0.00000
  -1.60000   0.00000
  -1.50000   0.00000
  -1.40000   0.00000
  -1.30000   0.00000
  -1.20000   0.00000
  -1.10000   0.00000
  -1.00000   0.00000
  -0.90000   0.00000
  -0.80000   0.00000
  -0.70000   0.00153
  -0.60000   0.03020
  -0.50000   0.10847
  -0.40000   0.18649
  -0.30000   0.20227
  -0.20000   0.18367
  -0.10000   0.17407
   0.00000   0.17749
   0.10000   0.20425
   0.20000   0.20641
   0.30000   0.13276
   0.40000   0.04823
   0.50000   0.01505
   0.60000   0.01091
   0.70000   0.00898
   0.80000   0.00800
   0.90000   0.00778
   1.00000   0.00573
   1.10000   0.00367
   1.20000   0.00547
   1.30000   0.00890
   1.40000   0.00945
   1.50000   0.00741
   1.60000   0.00695
   1.70000   0.00950
   1.80000   0.00987
   1.90000   0.00499
   2.00000   0.00076
   2.10000   0.00000
   2.20000   0.00000
   2.30000   0.00000
   2.40000   0.00000
   2.50000   0.00000
   2.60000   0.00000
   2.70000   0.00000
   2.80000   0.00000
   2.90000   0.00000
   3.00000   0.00000
