 3-(triethoxysilyl)propionitrile sigma-profile (sigma [e/nm^2], p(sigma)*At [nm^2])
  -3.00000   0.00000
  -2.90000   0.00000
  -2.80000   0.00000
  -2.70000   0.00000
  -2.60000   0.00000
  -2.50000   0.00000
  -2.40000   0.00000
  -2.30000   0.00000
  -2.20000   0.00000
  -2.10000   0.00000
  -2.00000   0.00000
  -1.90000   0.00000
  -1.80000   0.00000
  -1.70000   0.00000
  -1.60000   0.00000
  -1.50000   0.00000
  -1.40000   0.00000
  -1.30000   0.00000
  -1.20000   0.00005
  -1.10000   0.00471
  -1.00000   0.01717
  -0.90000   0.03357
  -0.80000   0.04908
  -0.70000   0.07574
  -0.60000   0.15117
  -0.50000   0.24637
  -0.40000   0.26851
  -0.30000   0.25352
  -0.20000   0.26308
  -0.10000   0.24673
   0.00000   0.20975
   0.10000   0.19722
   0.20000   0.16551
   0.30000   0.09659
   0.40000   0.05869
   0.50000   0.04792
   0.60000   0.03800
   0.70000   0.04610
   0.80000   0.06028
   0.90000   0.06613
   1.00000   0.06409
   1.10000   0.05914
   1.20000   0.04958
   1.30000   0.03810
   1.40000   0.03207
   1.50000   0.02182
   1.60000   0.00695
   1.70000   0.00033
   1.80000   0.00000
   1.90000   0.00000
   2.00000   0.00000
   2.10000   0.00000
   2.20000   0.00000
   2.30000   0.00000
   2.40000   0.00000
   2.50000   0.00000
   2.60000   0.00000
   2.70000   0.00000
   2.80000   0.00000
   2.90000   0.00000
   3.00000   0.00000
