 benzidine sigma-profile (sigma [e/nm^2], p(sigma)*At [nm^2])
  -3.00000   0.00000
  -2.90000   0.00000
  -2.80000   0.00000
  -2.70000   0.00000
  -2.60000   0.00000
  -2.50000   0.00000
  -2.40000   0.00000
  -2.30000   0.00000
  -2.20000   0.00000
  -2.10000   0.00000
  -2.00000   0.00000
  -1.90000   0.00000
  -1.80000   0.00000
  -1.70000   0.00000
  -1.60000   0.00273
  -1.50000   0.01711
  -1.40000   0.03952
  -1.30000   0.04928
  -1.20000   0.04056
  -1.10000   0.03192
  -1.00000   0.03670
  -0.90000   0.04519
  -0.80000   0.06713
  -0.70000   0.10871
  -0.60000   0.12208
  -0.50000   0.09915
  -0.40000   0.09297
  -0.30000   0.09503
  -0.20000   0.08067
  -0.10000   0.07967
   0.00000   0.09175
   0.10000   0.09165
   0.20000   0.08880
   0.30000   0.11120
   0.40000   0.14922
   0.50000   0.17978
   0.60000   0.19791
   0.70000   0.16517
   0.80000   0.08384
   0.90000   0.02593
   1.00000   0.01084
   1.10000   0.01218
   1.20000   0.01253
   1.30000   0.01116
   1.40000   0.01277
   1.50000   0.01279
   1.60000   0.01014
   1.70000   0.00542
   1.80000   0.00117
   1.90000   0.00000
   2.00000   0.00000
   2.10000   0.00000
   2.20000   0.00000
   2.30000   0.00000
   2.40000   0.00000
   2.50000   0.00000
   2.60000   0.00000
   2.70000   0.00000
   2.80000   0.00000
   2.90000   0.00000
   3.00000   0.00000
