 phenothiazine sigma-profile (sigma [e/nm^2], p(sigma)*At [nm^2])
  -3.00000   0.00000
  -2.90000   0.00000
  -2.80000   0.00000
  -2.70000   0.00000
  -2.60000   0.00000
  -2.50000   0.00000
  -2.40000   0.00000
  -2.30000   0.00000
  -2.20000   0.00000
  -2.10000   0.00000
  -2.00000   0.00000
  -1.90000   0.00009
  -1.80000   0.00295
  -1.70000   0.00828
  -1.60000   0.01041
  -1.50000   0.00967
  -1.40000   0.00949
  -1.30000   0.00880
  -1.20000   0.00817
  -1.10000   0.00948
  -1.00000   0.01314
  -0.90000   0.03146
  -0.80000   0.07308
  -0.70000   0.10425
  -0.60000   0.10249
  -0.50000   0.09856
  -0.40000   0.10259
  -0.30000   0.10099
  -0.20000   0.10035
  -0.10000   0.10887
   0.00000   0.11799
   0.10000   0.12246
   0.20000   0.15211
   0.30000   0.20330
   0.40000   0.22576
   0.50000   0.20884
   0.60000   0.14821
   0.70000   0.06866
   0.80000   0.02821
   0.90000   0.01717
   1.00000   0.00703
   1.10000   0.00109
   1.20000   0.00000
   1.30000   0.00000
   1.40000   0.00000
   1.50000   0.00000
   1.60000   0.00000
   1.70000   0.00000
   1.80000   0.00000
   1.90000   0.00000
   2.00000   0.00000
   2.10000   0.00000
   2.20000   0.00000
   2.30000   0.00000
   2.40000   0.00000
   2.50000   0.00000
   2.60000   0.00000
   2.70000   0.00000
   2.80000   0.00000
   2.90000   0.00000
   3.00000   0.00000
