 2-hydroxypropylmethacrylate sigma-profile (sigma [e/nm^2], p(sigma)*At [nm^2])
  -3.00000   0.00000
  -2.90000   0.00000
  -2.80000   0.00000
  -2.70000   0.00000
  -2.60000   0.00000
  -2.50000   0.00000
  -2.40000   0.00000
  -2.30000   0.00000
  -2.20000   0.00000
  -2.10000   0.00000
  -2.00000   0.00000
  -1.90000   0.00000
  -1.80000   0.00045
  -1.70000   0.00272
  -1.60000   0.00510
  -1.50000   0.00587
  -1.40000   0.00666
  -1.30000   0.00642
  -1.20000   0.00430
  -1.10000   0.00375
  -1.00000   0.00552
  -0.90000   0.01578
  -0.80000   0.04185
  -0.70000   0.07957
  -0.60000   0.12895
  -0.50000   0.16346
  -0.40000   0.15889
  -0.30000   0.14597
  -0.20000   0.14210
  -0.10000   0.14558
   0.00000   0.15688
   0.10000   0.14759
   0.20000   0.10653
   0.30000   0.06865
   0.40000   0.04949
   0.50000   0.03581
   0.60000   0.02698
   0.70000   0.02253
   0.80000   0.01749
   0.90000   0.01719
   1.00000   0.02126
   1.10000   0.03177
   1.20000   0.04378
   1.30000   0.04191
   1.40000   0.03440
   1.50000   0.02829
   1.60000   0.02040
   1.70000   0.01136
   1.80000   0.00329
   1.90000   0.00012
   2.00000   0.00000
   2.10000   0.00000
   2.20000   0.00000
   2.30000   0.00000
   2.40000   0.00000
   2.50000   0.00000
   2.60000   0.00000
   2.70000   0.00000
   2.80000   0.00000
   2.90000   0.00000
   3.00000   0.00000
