 2-propenoicacidpropylester sigma-profile (sigma [e/nm^2], p(sigma)*At [nm^2])
  -3.00000   0.00000
  -2.90000   0.00000
  -2.80000   0.00000
  -2.70000   0.00000
  -2.60000   0.00000
  -2.50000   0.00000
  -2.40000   0.00000
  -2.30000   0.00000
  -2.20000   0.00000
  -2.10000   0.00000
  -2.00000   0.00000
  -1.90000   0.00000
  -1.80000   0.00000
  -1.70000   0.00000
  -1.60000   0.00000
  -1.50000   0.00000
  -1.40000   0.00000
  -1.30000   0.00000
  -1.20000   0.00000
  -1.10000   0.00000
  -1.00000   0.00361
  -0.90000   0.01820
  -0.80000   0.03990
  -0.70000   0.05787
  -0.60000   0.07998
  -0.50000   0.11374
  -0.40000   0.14785
  -0.30000   0.16364
  -0.20000   0.15766
  -0.10000   0.14568
   0.00000   0.13637
   0.10000   0.12988
   0.20000   0.11247
   0.30000   0.07879
   0.40000   0.04908
   0.50000   0.03154
   0.60000   0.02032
   0.70000   0.01821
   0.80000   0.02203
   0.90000   0.02101
   1.00000   0.01867
   1.10000   0.02210
   1.20000   0.03189
   1.30000   0.03697
   1.40000   0.02741
   1.50000   0.01360
   1.60000   0.00433
   1.70000   0.00035
   1.80000   0.00000
   1.90000   0.00000
   2.00000   0.00000
   2.10000   0.00000
   2.20000   0.00000
   2.30000   0.00000
   2.40000   0.00000
   2.50000   0.00000
   2.60000   0.00000
   2.70000   0.00000
   2.80000   0.00000
   2.90000   0.00000
   3.00000   0.00000
