 3-nonanone sigma-profile (sigma [e/nm^2], p(sigma)*At [nm^2])
  -3.00000   0.00000
  -2.90000   0.00000
  -2.80000   0.00000
  -2.70000   0.00000
  -2.60000   0.00000
  -2.50000   0.00000
  -2.40000   0.00000
  -2.30000   0.00000
  -2.20000   0.00000
  -2.10000   0.00000
  -2.00000   0.00000
  -1.90000   0.00000
  -1.80000   0.00000
  -1.70000   0.00000
  -1.60000   0.00000
  -1.50000   0.00000
  -1.40000   0.00000
  -1.30000   0.00000
  -1.20000   0.00000
  -1.10000   0.00000
  -1.00000   0.00000
  -0.90000   0.00011
  -0.80000   0.01187
  -0.70000   0.04335
  -0.60000   0.07704
  -0.50000   0.11863
  -0.40000   0.18620
  -0.30000   0.24095
  -0.20000   0.25418
  -0.10000   0.24922
   0.00000   0.23074
   0.10000   0.20183
   0.20000   0.18273
   0.30000   0.14306
   0.40000   0.06839
   0.50000   0.01870
   0.60000   0.01002
   0.70000   0.01202
   0.80000   0.01147
   0.90000   0.01015
   1.00000   0.01445
   1.10000   0.01915
   1.20000   0.02296
   1.30000   0.02684
   1.40000   0.02515
   1.50000   0.01958
   1.60000   0.01344
   1.70000   0.00684
   1.80000   0.00180
   1.90000   0.00000
   2.00000   0.00000
   2.10000   0.00000
   2.20000   0.00000
   2.30000   0.00000
   2.40000   0.00000
   2.50000   0.00000
   2.60000   0.00000
   2.70000   0.00000
   2.80000   0.00000
   2.90000   0.00000
   3.00000   0.00000
