 diamylketone sigma-profile (sigma [e/nm^2], p(sigma)*At [nm^2])
  -3.00000   0.00000
  -2.90000   0.00000
  -2.80000   0.00000
  -2.70000   0.00000
  -2.60000   0.00000
  -2.50000   0.00000
  -2.40000   0.00000
  -2.30000   0.00000
  -2.20000   0.00000
  -2.10000   0.00000
  -2.00000   0.00000
  -1.90000   0.00000
  -1.80000   0.00000
  -1.70000   0.00000
  -1.60000   0.00000
  -1.50000   0.00000
  -1.40000   0.00000
  -1.30000   0.00000
  -1.20000   0.00000
  -1.10000   0.00000
  -1.00000   0.00000
  -0.90000   0.00000
  -0.80000   0.01035
  -0.70000   0.04005
  -0.60000   0.07048
  -0.50000   0.11608
  -0.40000   0.21591
  -0.30000   0.30127
  -0.20000   0.31387
  -0.10000   0.30364
   0.00000   0.27807
   0.10000   0.24506
   0.20000   0.23471
   0.30000   0.18931
   0.40000   0.09001
   0.50000   0.02101
   0.60000   0.00627
   0.70000   0.01143
   0.80000   0.01449
   0.90000   0.01038
   1.00000   0.01256
   1.10000   0.01957
   1.20000   0.02393
   1.30000   0.02535
   1.40000   0.02370
   1.50000   0.02006
   1.60000   0.01410
   1.70000   0.00755
   1.80000   0.00244
   1.90000   0.00014
   2.00000   0.00000
   2.10000   0.00000
   2.20000   0.00000
   2.30000   0.00000
   2.40000   0.00000
   2.50000   0.00000
   2.60000   0.00000
   2.70000   0.00000
   2.80000   0.00000
   2.90000   0.00000
   3.00000   0.00000
