 4-methyl-2-methoxyphenol sigma-profile (sigma [e/nm^2], p(sigma)*At [nm^2])
  -3.00000   0.00000
  -2.90000   0.00000
  -2.80000   0.00000
  -2.70000   0.00000
  -2.60000   0.00000
  -2.50000   0.00000
  -2.40000   0.00000
  -2.30000   0.00000
  -2.20000   0.00000
  -2.10000   0.00000
  -2.00000   0.00000
  -1.90000   0.00053
  -1.80000   0.00224
  -1.70000   0.00549
  -1.60000   0.00737
  -1.50000   0.00522
  -1.40000   0.00290
  -1.30000   0.00378
  -1.20000   0.00586
  -1.10000   0.00610
  -1.00000   0.00565
  -0.90000   0.01056
  -0.80000   0.03561
  -0.70000   0.07365
  -0.60000   0.10413
  -0.50000   0.12366
  -0.40000   0.12432
  -0.30000   0.11917
  -0.20000   0.11513
  -0.10000   0.10722
   0.00000   0.10811
   0.10000   0.11676
   0.20000   0.11827
   0.30000   0.10328
   0.40000   0.09231
   0.50000   0.09413
   0.60000   0.09123
   0.70000   0.07261
   0.80000   0.04218
   0.90000   0.02029
   1.00000   0.01314
   1.10000   0.01496
   1.20000   0.02031
   1.30000   0.01762
   1.40000   0.00693
   1.50000   0.00066
   1.60000   0.00000
   1.70000   0.00000
   1.80000   0.00000
   1.90000   0.00000
   2.00000   0.00000
   2.10000   0.00000
   2.20000   0.00000
   2.30000   0.00000
   2.40000   0.00000
   2.50000   0.00000
   2.60000   0.00000
   2.70000   0.00000
   2.80000   0.00000
   2.90000   0.00000
   3.00000   0.00000
