 methylbenzoate sigma-profile (sigma [e/nm^2], p(sigma)*At [nm^2])
  -3.00000   0.00000
  -2.90000   0.00000
  -2.80000   0.00000
  -2.70000   0.00000
  -2.60000   0.00000
  -2.50000   0.00000
  -2.40000   0.00000
  -2.30000   0.00000
  -2.20000   0.00000
  -2.10000   0.00000
  -2.00000   0.00000
  -1.90000   0.00000
  -1.80000   0.00000
  -1.70000   0.00000
  -1.60000   0.00000
  -1.50000   0.00000
  -1.40000   0.00000
  -1.30000   0.00000
  -1.20000   0.00000
  -1.10000   0.00000
  -1.00000   0.00024
  -0.90000   0.01677
  -0.80000   0.06605
  -0.70000   0.10904
  -0.60000   0.11012
  -0.50000   0.10217
  -0.40000   0.11733
  -0.30000   0.13183
  -0.20000   0.12541
  -0.10000   0.11011
   0.00000   0.09299
   0.10000   0.10082
   0.20000   0.13024
   0.30000   0.14552
   0.40000   0.12049
   0.50000   0.06042
   0.60000   0.02397
   0.70000   0.02194
   0.80000   0.01989
   0.90000   0.01385
   1.00000   0.01340
   1.10000   0.02044
   1.20000   0.03197
   1.30000   0.03462
   1.40000   0.02266
   1.50000   0.00917
   1.60000   0.00197
   1.70000   0.00003
   1.80000   0.00000
   1.90000   0.00000
   2.00000   0.00000
   2.10000   0.00000
   2.20000   0.00000
   2.30000   0.00000
   2.40000   0.00000
   2.50000   0.00000
   2.60000   0.00000
   2.70000   0.00000
   2.80000   0.00000
   2.90000   0.00000
   3.00000   0.00000
