 cyclooctene sigma-profile (sigma [e/nm^2], p(sigma)*At [nm^2])
  -3.00000   0.00000
  -2.90000   0.00000
  -2.80000   0.00000
  -2.70000   0.00000
  -2.60000   0.00000
  -2.50000   0.00000
  -2.40000   0.00000
  -2.30000   0.00000
  -2.20000   0.00000
  -2.10000   0.00000
  -2.00000   0.00000
  -1.90000   0.00000
  -1.80000   0.00000
  -1.70000   0.00000
  -1.60000   0.00000
  -1.50000   0.00000
  -1.40000   0.00000
  -1.30000   0.00000
  -1.20000   0.00000
  -1.10000   0.00000
  -1.00000   0.00000
  -0.90000   0.00000
  -0.80000   0.00000
  -0.70000   0.00115
  -0.60000   0.01288
  -0.50000   0.05524
  -0.40000   0.12622
  -0.30000   0.17585
  -0.20000   0.18655
  -0.10000   0.18777
   0.00000   0.19068
   0.10000   0.19701
   0.20000   0.18063
   0.30000   0.12166
   0.40000   0.05766
   0.50000   0.02763
   0.60000   0.02246
   0.70000   0.01998
   0.80000   0.01666
   0.90000   0.01273
   1.00000   0.00856
   1.10000   0.00409
   1.20000   0.00081
   1.30000   0.00000
   1.40000   0.00000
   1.50000   0.00000
   1.60000   0.00000
   1.70000   0.00000
   1.80000   0.00000
   1.90000   0.00000
   2.00000   0.00000
   2.10000   0.00000
   2.20000   0.00000
   2.30000   0.00000
   2.40000   0.00000
   2.50000   0.00000
   2.60000   0.00000
   2.70000   0.00000
   2.80000   0.00000
   2.90000   0.00000
   3.00000   0.00000
