 triethyleneglycolbis(2-ethylhexanoate) sigma-profile (sigma [e/nm^2], p(sigma)*At [nm^2])
  -3.00000   0.00000
  -2.90000   0.00000
  -2.80000   0.00000
  -2.70000   0.00000
  -2.60000   0.00000
  -2.50000   0.00000
  -2.40000   0.00000
  -2.30000   0.00000
  -2.20000   0.00000
  -2.10000   0.00000
  -2.00000   0.00000
  -1.90000   0.00000
  -1.80000   0.00000
  -1.70000   0.00000
  -1.60000   0.00000
  -1.50000   0.00000
  -1.40000   0.00000
  -1.30000   0.00000
  -1.20000   0.00000
  -1.10000   0.00000
  -1.00000   0.00008
  -0.90000   0.01062
  -0.80000   0.04373
  -0.70000   0.11852
  -0.60000   0.24477
  -0.50000   0.39980
  -0.40000   0.52962
  -0.30000   0.56147
  -0.20000   0.52842
  -0.10000   0.47650
   0.00000   0.41095
   0.10000   0.39966
   0.20000   0.39320
   0.30000   0.27783
   0.40000   0.12313
   0.50000   0.05256
   0.60000   0.04392
   0.70000   0.03854
   0.80000   0.03831
   0.90000   0.04866
   1.00000   0.05688
   1.10000   0.06110
   1.20000   0.08074
   1.30000   0.09320
   1.40000   0.07320
   1.50000   0.05243
   1.60000   0.03576
   1.70000   0.01243
   1.80000   0.00061
   1.90000   0.00000
   2.00000   0.00000
   2.10000   0.00000
   2.20000   0.00000
   2.30000   0.00000
   2.40000   0.00000
   2.50000   0.00000
   2.60000   0.00000
   2.70000   0.00000
   2.80000   0.00000
   2.90000   0.00000
   3.00000   0.00000
