 1,4-cyclohexanedicarboxylicaciddimethylester sigma-profile (sigma [e/nm^2], p(sigma)*At [nm^2])
  -3.00000   0.00000
  -2.90000   0.00000
  -2.80000   0.00000
  -2.70000   0.00000
  -2.60000   0.00000
  -2.50000   0.00000
  -2.40000   0.00000
  -2.30000   0.00000
  -2.20000   0.00000
  -2.10000   0.00000
  -2.00000   0.00000
  -1.90000   0.00000
  -1.80000   0.00000
  -1.70000   0.00000
  -1.60000   0.00000
  -1.50000   0.00000
  -1.40000   0.00000
  -1.30000   0.00000
  -1.20000   0.00000
  -1.10000   0.00000
  -1.00000   0.00000
  -0.90000   0.00651
  -0.80000   0.04258
  -0.70000   0.10186
  -0.60000   0.16177
  -0.50000   0.22062
  -0.40000   0.26301
  -0.30000   0.27853
  -0.20000   0.25263
  -0.10000   0.19310
   0.00000   0.14395
   0.10000   0.10478
   0.20000   0.06338
   0.30000   0.03971
   0.40000   0.03828
   0.50000   0.03770
   0.60000   0.03302
   0.70000   0.03513
   0.80000   0.03774
   0.90000   0.04108
   1.00000   0.04677
   1.10000   0.04957
   1.20000   0.06127
   1.30000   0.06736
   1.40000   0.04913
   1.50000   0.02734
   1.60000   0.01237
   1.70000   0.00261
   1.80000   0.00000
   1.90000   0.00000
   2.00000   0.00000
   2.10000   0.00000
   2.20000   0.00000
   2.30000   0.00000
   2.40000   0.00000
   2.50000   0.00000
   2.60000   0.00000
   2.70000   0.00000
   2.80000   0.00000
   2.90000   0.00000
   3.00000   0.00000
