 benzo(b)thiophene sigma-profile (sigma [e/nm^2], p(sigma)*At [nm^2])
  -3.00000   0.00000
  -2.90000   0.00000
  -2.80000   0.00000
  -2.70000   0.00000
  -2.60000   0.00000
  -2.50000   0.00000
  -2.40000   0.00000
  -2.30000   0.00000
  -2.20000   0.00000
  -2.10000   0.00000
  -2.00000   0.00000
  -1.90000   0.00000
  -1.80000   0.00000
  -1.70000   0.00000
  -1.60000   0.00000
  -1.50000   0.00000
  -1.40000   0.00000
  -1.30000   0.00000
  -1.20000   0.00004
  -1.10000   0.00335
  -1.00000   0.01340
  -0.90000   0.03088
  -0.80000   0.05843
  -0.70000   0.08072
  -0.60000   0.08264
  -0.50000   0.07957
  -0.40000   0.07936
  -0.30000   0.08155
  -0.20000   0.08370
  -0.10000   0.08225
   0.00000   0.08581
   0.10000   0.09554
   0.20000   0.12397
   0.30000   0.17215
   0.40000   0.19574
   0.50000   0.16428
   0.60000   0.09077
   0.70000   0.02445
   0.80000   0.00088
   0.90000   0.00000
   1.00000   0.00000
   1.10000   0.00000
   1.20000   0.00000
   1.30000   0.00000
   1.40000   0.00000
   1.50000   0.00000
   1.60000   0.00000
   1.70000   0.00000
   1.80000   0.00000
   1.90000   0.00000
   2.00000   0.00000
   2.10000   0.00000
   2.20000   0.00000
   2.30000   0.00000
   2.40000   0.00000
   2.50000   0.00000
   2.60000   0.00000
   2.70000   0.00000
   2.80000   0.00000
   2.90000   0.00000
   3.00000   0.00000
