 2-chlorophenol sigma-profile (sigma [e/nm^2], p(sigma)*At [nm^2])
  -3.00000   0.00000
  -2.90000   0.00000
  -2.80000   0.00000
  -2.70000   0.00000
  -2.60000   0.00000
  -2.50000   0.00000
  -2.40000   0.00000
  -2.30000   0.00000
  -2.20000   0.00000
  -2.10000   0.00000
  -2.00000   0.00035
  -1.90000   0.00199
  -1.80000   0.00486
  -1.70000   0.00590
  -1.60000   0.00546
  -1.50000   0.00611
  -1.40000   0.00573
  -1.30000   0.00481
  -1.20000   0.00487
  -1.10000   0.00428
  -1.00000   0.00739
  -0.90000   0.02275
  -0.80000   0.04608
  -0.70000   0.05914
  -0.60000   0.05954
  -0.50000   0.06246
  -0.40000   0.06530
  -0.30000   0.06714
  -0.20000   0.07484
  -0.10000   0.08395
   0.00000   0.10030
   0.10000   0.12176
   0.20000   0.13732
   0.30000   0.15212
   0.40000   0.15069
   0.50000   0.10311
   0.60000   0.04140
   0.70000   0.01404
   0.80000   0.01066
   0.90000   0.01284
   1.00000   0.01679
   1.10000   0.01792
   1.20000   0.01269
   1.30000   0.00395
   1.40000   0.00000
   1.50000   0.00000
   1.60000   0.00000
   1.70000   0.00000
   1.80000   0.00000
   1.90000   0.00000
   2.00000   0.00000
   2.10000   0.00000
   2.20000   0.00000
   2.30000   0.00000
   2.40000   0.00000
   2.50000   0.00000
   2.60000   0.00000
   2.70000   0.00000
   2.80000   0.00000
   2.90000   0.00000
   3.00000   0.00000
