 2-chloroaniline sigma-profile (sigma [e/nm^2], p(sigma)*At [nm^2])
  -3.00000   0.00000
  -2.90000   0.00000
  -2.80000   0.00000
  -2.70000   0.00000
  -2.60000   0.00000
  -2.50000   0.00000
  -2.40000   0.00000
  -2.30000   0.00000
  -2.20000   0.00000
  -2.10000   0.00000
  -2.00000   0.00000
  -1.90000   0.00000
  -1.80000   0.00000
  -1.70000   0.00043
  -1.60000   0.00367
  -1.50000   0.01206
  -1.40000   0.01923
  -1.30000   0.01826
  -1.20000   0.01559
  -1.10000   0.01707
  -1.00000   0.02002
  -0.90000   0.02744
  -0.80000   0.04525
  -0.70000   0.06039
  -0.60000   0.05826
  -0.50000   0.05427
  -0.40000   0.05997
  -0.30000   0.06275
  -0.20000   0.06455
  -0.10000   0.07097
   0.00000   0.07512
   0.10000   0.08861
   0.20000   0.11400
   0.30000   0.13535
   0.40000   0.15306
   0.50000   0.15384
   0.60000   0.10778
   0.70000   0.04135
   0.80000   0.00965
   0.90000   0.00593
   1.00000   0.00540
   1.10000   0.00650
   1.20000   0.00690
   1.30000   0.00577
   1.40000   0.00509
   1.50000   0.00402
   1.60000   0.00147
   1.70000   0.00000
   1.80000   0.00000
   1.90000   0.00000
   2.00000   0.00000
   2.10000   0.00000
   2.20000   0.00000
   2.30000   0.00000
   2.40000   0.00000
   2.50000   0.00000
   2.60000   0.00000
   2.70000   0.00000
   2.80000   0.00000
   2.90000   0.00000
   3.00000   0.00000
