 3,4-dimethylphenol sigma-profile (sigma [e/nm^2], p(sigma)*At [nm^2])
  -3.00000   0.00000
  -2.90000   0.00000
  -2.80000   0.00000
  -2.70000   0.00000
  -2.60000   0.00000
  -2.50000   0.00000
  -2.40000   0.00000
  -2.30000   0.00000
  -2.20000   0.00000
  -2.10000   0.00025
  -2.00000   0.00309
  -1.90000   0.00816
  -1.80000   0.01054
  -1.70000   0.00982
  -1.60000   0.00913
  -1.50000   0.00875
  -1.40000   0.00689
  -1.30000   0.00467
  -1.20000   0.00484
  -1.10000   0.00607
  -1.00000   0.00812
  -0.90000   0.01130
  -0.80000   0.01834
  -0.70000   0.03850
  -0.60000   0.07527
  -0.50000   0.11068
  -0.40000   0.11525
  -0.30000   0.10131
  -0.20000   0.09074
  -0.10000   0.08871
   0.00000   0.11321
   0.10000   0.14152
   0.20000   0.12993
   0.30000   0.10124
   0.40000   0.09414
   0.50000   0.09165
   0.60000   0.08445
   0.70000   0.06674
   0.80000   0.03362
   0.90000   0.01343
   1.00000   0.01072
   1.10000   0.01403
   1.20000   0.01938
   1.30000   0.01790
   1.40000   0.00873
   1.50000   0.00165
   1.60000   0.00000
   1.70000   0.00000
   1.80000   0.00000
   1.90000   0.00000
   2.00000   0.00000
   2.10000   0.00000
   2.20000   0.00000
   2.30000   0.00000
   2.40000   0.00000
   2.50000   0.00000
   2.60000   0.00000
   2.70000   0.00000
   2.80000   0.00000
   2.90000   0.00000
   3.00000   0.00000
