 3,4-dichloroaniline sigma-profile (sigma [e/nm^2], p(sigma)*At [nm^2])
  -3.00000   0.00000
  -2.90000   0.00000
  -2.80000   0.00000
  -2.70000   0.00000
  -2.60000   0.00000
  -2.50000   0.00000
  -2.40000   0.00000
  -2.30000   0.00000
  -2.20000   0.00000
  -2.10000   0.00000
  -2.00000   0.00000
  -1.90000   0.00000
  -1.80000   0.00000
  -1.70000   0.00106
  -1.60000   0.00773
  -1.50000   0.01921
  -1.40000   0.02574
  -1.30000   0.02290
  -1.20000   0.01917
  -1.10000   0.02218
  -1.00000   0.03216
  -0.90000   0.04610
  -0.80000   0.05011
  -0.70000   0.04284
  -0.60000   0.03925
  -0.50000   0.04306
  -0.40000   0.04813
  -0.30000   0.05299
  -0.20000   0.06133
  -0.10000   0.06508
   0.00000   0.08546
   0.10000   0.14076
   0.20000   0.17930
   0.30000   0.18626
   0.40000   0.19203
   0.50000   0.16122
   0.60000   0.08795
   0.70000   0.03612
   0.80000   0.01523
   0.90000   0.00626
   1.00000   0.00480
   1.10000   0.00543
   1.20000   0.00632
   1.30000   0.00629
   1.40000   0.00517
   1.50000   0.00305
   1.60000   0.00093
   1.70000   0.00000
   1.80000   0.00000
   1.90000   0.00000
   2.00000   0.00000
   2.10000   0.00000
   2.20000   0.00000
   2.30000   0.00000
   2.40000   0.00000
   2.50000   0.00000
   2.60000   0.00000
   2.70000   0.00000
   2.80000   0.00000
   2.90000   0.00000
   3.00000   0.00000
