 4-methyl-1,3-benzenediamine sigma-profile (sigma [e/nm^2], p(sigma)*At [nm^2])
  -3.00000   0.00000
  -2.90000   0.00000
  -2.80000   0.00000
  -2.70000   0.00000
  -2.60000   0.00000
  -2.50000   0.00000
  -2.40000   0.00000
  -2.30000   0.00000
  -2.20000   0.00000
  -2.10000   0.00000
  -2.00000   0.00000
  -1.90000   0.00000
  -1.80000   0.00000
  -1.70000   0.00000
  -1.60000   0.00015
  -1.50000   0.00878
  -1.40000   0.02669
  -1.30000   0.03990
  -1.20000   0.04251
  -1.10000   0.03610
  -1.00000   0.03228
  -0.90000   0.03730
  -0.80000   0.04466
  -0.70000   0.05491
  -0.60000   0.07291
  -0.50000   0.08776
  -0.40000   0.08311
  -0.30000   0.07523
  -0.20000   0.07073
  -0.10000   0.06436
   0.00000   0.07489
   0.10000   0.09196
   0.20000   0.08671
   0.30000   0.06829
   0.40000   0.06194
   0.50000   0.06932
   0.60000   0.08265
   0.70000   0.09065
   0.80000   0.08264
   0.90000   0.05792
   1.00000   0.02810
   1.10000   0.01462
   1.20000   0.01344
   1.30000   0.01128
   1.40000   0.01070
   1.50000   0.01301
   1.60000   0.01288
   1.70000   0.00947
   1.80000   0.00563
   1.90000   0.00176
   2.00000   0.00000
   2.10000   0.00000
   2.20000   0.00000
   2.30000   0.00000
   2.40000   0.00000
   2.50000   0.00000
   2.60000   0.00000
   2.70000   0.00000
   2.80000   0.00000
   2.90000   0.00000
   3.00000   0.00000
