 2-methylbutanal sigma-profile (sigma [e/nm^2], p(sigma)*At [nm^2])
  -3.00000   0.00000
  -2.90000   0.00000
  -2.80000   0.00000
  -2.70000   0.00000
  -2.60000   0.00000
  -2.50000   0.00000
  -2.40000   0.00000
  -2.30000   0.00000
  -2.20000   0.00000
  -2.10000   0.00000
  -2.00000   0.00000
  -1.90000   0.00000
  -1.80000   0.00000
  -1.70000   0.00000
  -1.60000   0.00000
  -1.50000   0.00000
  -1.40000   0.00000
  -1.30000   0.00000
  -1.20000   0.00000
  -1.10000   0.00000
  -1.00000   0.00000
  -0.90000   0.00000
  -0.80000   0.00514
  -0.70000   0.02601
  -0.60000   0.07488
  -0.50000   0.13688
  -0.40000   0.16002
  -0.30000   0.14496
  -0.20000   0.12945
  -0.10000   0.11683
   0.00000   0.11946
   0.10000   0.12529
   0.20000   0.09377
   0.30000   0.04139
   0.40000   0.01384
   0.50000   0.01133
   0.60000   0.01039
   0.70000   0.00941
   0.80000   0.01322
   0.90000   0.01753
   1.00000   0.02159
   1.10000   0.02719
   1.20000   0.02791
   1.30000   0.02323
   1.40000   0.02013
   1.50000   0.01646
   1.60000   0.00888
   1.70000   0.00238
   1.80000   0.00020
   1.90000   0.00000
   2.00000   0.00000
   2.10000   0.00000
   2.20000   0.00000
   2.30000   0.00000
   2.40000   0.00000
   2.50000   0.00000
   2.60000   0.00000
   2.70000   0.00000
   2.80000   0.00000
   2.90000   0.00000
   3.00000   0.00000
