 diethylaluminumchloride sigma-profile (sigma [e/nm^2], p(sigma)*At [nm^2])
  -3.00000   0.00000
  -2.90000   0.00000
  -2.80000   0.00000
  -2.70000   0.00000
  -2.60000   0.00000
  -2.50000   0.00000
  -2.40000   0.00000
  -2.30000   0.00000
  -2.20000   0.00000
  -2.10000   0.00000
  -2.00000   0.00000
  -1.90000   0.00050
  -1.80000   0.00338
  -1.70000   0.00814
  -1.60000   0.01273
  -1.50000   0.01435
  -1.40000   0.01033
  -1.30000   0.00707
  -1.20000   0.01001
  -1.10000   0.01278
  -1.00000   0.01293
  -0.90000   0.01419
  -0.80000   0.01425
  -0.70000   0.01160
  -0.60000   0.02059
  -0.50000   0.06993
  -0.40000   0.13402
  -0.30000   0.14990
  -0.20000   0.13263
  -0.10000   0.12199
   0.00000   0.11697
   0.10000   0.12982
   0.20000   0.15415
   0.30000   0.13795
   0.40000   0.09377
   0.50000   0.06978
   0.60000   0.06640
   0.70000   0.08158
   0.80000   0.07494
   0.90000   0.02915
   1.00000   0.00163
   1.10000   0.00000
   1.20000   0.00000
   1.30000   0.00000
   1.40000   0.00000
   1.50000   0.00000
   1.60000   0.00000
   1.70000   0.00000
   1.80000   0.00000
   1.90000   0.00000
   2.00000   0.00000
   2.10000   0.00000
   2.20000   0.00000
   2.30000   0.00000
   2.40000   0.00000
   2.50000   0.00000
   2.60000   0.00000
   2.70000   0.00000
   2.80000   0.00000
   2.90000   0.00000
   3.00000   0.00000
