 2-butanoneoxime sigma-profile (sigma [e/nm^2], p(sigma)*At [nm^2])
  -3.00000   0.00000
  -2.90000   0.00000
  -2.80000   0.00000
  -2.70000   0.00000
  -2.60000   0.00000
  -2.50000   0.00000
  -2.40000   0.00000
  -2.30000   0.00000
  -2.20000   0.00000
  -2.10000   0.00000
  -2.00000   0.00002
  -1.90000   0.00241
  -1.80000   0.00792
  -1.70000   0.01173
  -1.60000   0.01123
  -1.50000   0.00846
  -1.40000   0.00646
  -1.30000   0.00580
  -1.20000   0.00548
  -1.10000   0.00542
  -1.00000   0.00543
  -0.90000   0.00550
  -0.80000   0.00964
  -0.70000   0.02644
  -0.60000   0.06204
  -0.50000   0.09834
  -0.40000   0.10779
  -0.30000   0.10167
  -0.20000   0.10447
  -0.10000   0.12010
   0.00000   0.13276
   0.10000   0.11779
   0.20000   0.07821
   0.30000   0.04101
   0.40000   0.02202
   0.50000   0.01700
   0.60000   0.01736
   0.70000   0.02148
   0.80000   0.02745
   0.90000   0.03064
   1.00000   0.02807
   1.10000   0.02400
   1.20000   0.02379
   1.30000   0.02378
   1.40000   0.01912
   1.50000   0.01058
   1.60000   0.00583
   1.70000   0.00744
   1.80000   0.00687
   1.90000   0.00253
   2.00000   0.00017
   2.10000   0.00000
   2.20000   0.00000
   2.30000   0.00000
   2.40000   0.00000
   2.50000   0.00000
   2.60000   0.00000
   2.70000   0.00000
   2.80000   0.00000
   2.90000   0.00000
   3.00000   0.00000
