 methylacrylate sigma-profile (sigma [e/nm^2], p(sigma)*At [nm^2])
  -3.00000   0.00000
  -2.90000   0.00000
  -2.80000   0.00000
  -2.70000   0.00000
  -2.60000   0.00000
  -2.50000   0.00000
  -2.40000   0.00000
  -2.30000   0.00000
  -2.20000   0.00000
  -2.10000   0.00000
  -2.00000   0.00000
  -1.90000   0.00000
  -1.80000   0.00000
  -1.70000   0.00000
  -1.60000   0.00000
  -1.50000   0.00000
  -1.40000   0.00000
  -1.30000   0.00000
  -1.20000   0.00000
  -1.10000   0.00000
  -1.00000   0.00397
  -0.90000   0.02388
  -0.80000   0.05829
  -0.70000   0.08180
  -0.60000   0.08262
  -0.50000   0.07668
  -0.40000   0.08822
  -0.30000   0.10920
  -0.20000   0.11162
  -0.10000   0.09884
   0.00000   0.08036
   0.10000   0.06399
   0.20000   0.05425
   0.30000   0.04671
   0.40000   0.04271
   0.50000   0.03440
   0.60000   0.02077
   0.70000   0.01768
   0.80000   0.02219
   0.90000   0.02145
   1.00000   0.01841
   1.10000   0.02396
   1.20000   0.03573
   1.30000   0.03605
   1.40000   0.02400
   1.50000   0.01144
   1.60000   0.00298
   1.70000   0.00004
   1.80000   0.00000
   1.90000   0.00000
   2.00000   0.00000
   2.10000   0.00000
   2.20000   0.00000
   2.30000   0.00000
   2.40000   0.00000
   2.50000   0.00000
   2.60000   0.00000
   2.70000   0.00000
   2.80000   0.00000
   2.90000   0.00000
   3.00000   0.00000
