 gamma-butyrolactone sigma-profile (sigma [e/nm^2], p(sigma)*At [nm^2])
  -3.00000   0.00000
  -2.90000   0.00000
  -2.80000   0.00000
  -2.70000   0.00000
  -2.60000   0.00000
  -2.50000   0.00000
  -2.40000   0.00000
  -2.30000   0.00000
  -2.20000   0.00000
  -2.10000   0.00000
  -2.00000   0.00000
  -1.90000   0.00000
  -1.80000   0.00000
  -1.70000   0.00000
  -1.60000   0.00000
  -1.50000   0.00000
  -1.40000   0.00000
  -1.30000   0.00000
  -1.20000   0.00000
  -1.10000   0.00000
  -1.00000   0.00057
  -0.90000   0.01599
  -0.80000   0.05835
  -0.70000   0.10292
  -0.60000   0.12245
  -0.50000   0.12210
  -0.40000   0.10983
  -0.30000   0.09093
  -0.20000   0.07992
  -0.10000   0.06598
   0.00000   0.03706
   0.10000   0.01656
   0.20000   0.01491
   0.30000   0.01811
   0.40000   0.01682
   0.50000   0.01248
   0.60000   0.01197
   0.70000   0.01719
   0.80000   0.02121
   0.90000   0.02324
   1.00000   0.02964
   1.10000   0.03971
   1.20000   0.04463
   1.30000   0.03933
   1.40000   0.03020
   1.50000   0.02201
   1.60000   0.01284
   1.70000   0.00427
   1.80000   0.00042
   1.90000   0.00000
   2.00000   0.00000
   2.10000   0.00000
   2.20000   0.00000
   2.30000   0.00000
   2.40000   0.00000
   2.50000   0.00000
   2.60000   0.00000
   2.70000   0.00000
   2.80000   0.00000
   2.90000   0.00000
   3.00000   0.00000
