 1-methyl-1h-pyrrole sigma-profile (sigma [e/nm^2], p(sigma)*At [nm^2])
  -3.00000   0.00000
  -2.90000   0.00000
  -2.80000   0.00000
  -2.70000   0.00000
  -2.60000   0.00000
  -2.50000   0.00000
  -2.40000   0.00000
  -2.30000   0.00000
  -2.20000   0.00000
  -2.10000   0.00000
  -2.00000   0.00000
  -1.90000   0.00000
  -1.80000   0.00000
  -1.70000   0.00000
  -1.60000   0.00000
  -1.50000   0.00000
  -1.40000   0.00000
  -1.30000   0.00000
  -1.20000   0.00000
  -1.10000   0.00000
  -1.00000   0.00327
  -0.90000   0.01680
  -0.80000   0.04756
  -0.70000   0.08127
  -0.60000   0.09385
  -0.50000   0.08570
  -0.40000   0.07565
  -0.30000   0.08307
  -0.20000   0.09682
  -0.10000   0.09211
   0.00000   0.07330
   0.10000   0.05658
   0.20000   0.04725
   0.30000   0.04633
   0.40000   0.04932
   0.50000   0.05212
   0.60000   0.05485
   0.70000   0.05325
   0.80000   0.05216
   0.90000   0.05470
   1.00000   0.04227
   1.10000   0.01533
   1.20000   0.00097
   1.30000   0.00000
   1.40000   0.00000
   1.50000   0.00000
   1.60000   0.00000
   1.70000   0.00000
   1.80000   0.00000
   1.90000   0.00000
   2.00000   0.00000
   2.10000   0.00000
   2.20000   0.00000
   2.30000   0.00000
   2.40000   0.00000
   2.50000   0.00000
   2.60000   0.00000
   2.70000   0.00000
   2.80000   0.00000
   2.90000   0.00000
   3.00000   0.00000
