 2-hydroxypropanoicacidethylester sigma-profile (sigma [e/nm^2], p(sigma)*At [nm^2])
  -3.00000   0.00000
  -2.90000   0.00000
  -2.80000   0.00000
  -2.70000   0.00000
  -2.60000   0.00000
  -2.50000   0.00000
  -2.40000   0.00000
  -2.30000   0.00000
  -2.20000   0.00000
  -2.10000   0.00000
  -2.00000   0.00000
  -1.90000   0.00000
  -1.80000   0.00000
  -1.70000   0.00000
  -1.60000   0.00035
  -1.50000   0.00179
  -1.40000   0.00371
  -1.30000   0.00450
  -1.20000   0.00461
  -1.10000   0.00527
  -1.00000   0.00541
  -0.90000   0.00758
  -0.80000   0.02994
  -0.70000   0.07854
  -0.60000   0.12890
  -0.50000   0.15186
  -0.40000   0.14827
  -0.30000   0.13405
  -0.20000   0.11144
  -0.10000   0.10445
   0.00000   0.12213
   0.10000   0.11256
   0.20000   0.06408
   0.30000   0.03373
   0.40000   0.03132
   0.50000   0.03034
   0.60000   0.02602
   0.70000   0.02451
   0.80000   0.02785
   0.90000   0.02859
   1.00000   0.03457
   1.10000   0.04357
   1.20000   0.03733
   1.30000   0.02486
   1.40000   0.02103
   1.50000   0.02133
   1.60000   0.01615
   1.70000   0.00650
   1.80000   0.00094
   1.90000   0.00000
   2.00000   0.00000
   2.10000   0.00000
   2.20000   0.00000
   2.30000   0.00000
   2.40000   0.00000
   2.50000   0.00000
   2.60000   0.00000
   2.70000   0.00000
   2.80000   0.00000
   2.90000   0.00000
   3.00000   0.00000
