 methylenebutanedioicacid sigma-profile (sigma [e/nm^2], p(sigma)*At [nm^2])
  -3.00000   0.00000
  -2.90000   0.00000
  -2.80000   0.00000
  -2.70000   0.00000
  -2.60000   0.00000
  -2.50000   0.00000
  -2.40000   0.00000
  -2.30000   0.00000
  -2.20000   0.00291
  -2.10000   0.00997
  -2.00000   0.01377
  -1.90000   0.01240
  -1.80000   0.00945
  -1.70000   0.00554
  -1.60000   0.00550
  -1.50000   0.00750
  -1.40000   0.00583
  -1.30000   0.00353
  -1.20000   0.00398
  -1.10000   0.01012
  -1.00000   0.03285
  -0.90000   0.06216
  -0.80000   0.07320
  -0.70000   0.06933
  -0.60000   0.06709
  -0.50000   0.07703
  -0.40000   0.09125
  -0.30000   0.09358
  -0.20000   0.08509
  -0.10000   0.07444
   0.00000   0.06406
   0.10000   0.05655
   0.20000   0.04789
   0.30000   0.03786
   0.40000   0.03520
   0.50000   0.03504
   0.60000   0.03640
   0.70000   0.04389
   0.80000   0.04711
   0.90000   0.04011
   1.00000   0.03891
   1.10000   0.05288
   1.20000   0.06057
   1.30000   0.04688
   1.40000   0.02935
   1.50000   0.02010
   1.60000   0.01293
   1.70000   0.00516
   1.80000   0.00072
   1.90000   0.00000
   2.00000   0.00000
   2.10000   0.00000
   2.20000   0.00000
   2.30000   0.00000
   2.40000   0.00000
   2.50000   0.00000
   2.60000   0.00000
   2.70000   0.00000
   2.80000   0.00000
   2.90000   0.00000
   3.00000   0.00000
