 ethylmethacrylate sigma-profile (sigma [e/nm^2], p(sigma)*At [nm^2])
  -3.00000   0.00000
  -2.90000   0.00000
  -2.80000   0.00000
  -2.70000   0.00000
  -2.60000   0.00000
  -2.50000   0.00000
  -2.40000   0.00000
  -2.30000   0.00000
  -2.20000   0.00000
  -2.10000   0.00000
  -2.00000   0.00000
  -1.90000   0.00000
  -1.80000   0.00000
  -1.70000   0.00000
  -1.60000   0.00000
  -1.50000   0.00000
  -1.40000   0.00000
  -1.30000   0.00000
  -1.20000   0.00000
  -1.10000   0.00000
  -1.00000   0.00002
  -0.90000   0.00366
  -0.80000   0.02009
  -0.70000   0.05901
  -0.60000   0.10911
  -0.50000   0.13339
  -0.40000   0.13883
  -0.30000   0.15162
  -0.20000   0.14808
  -0.10000   0.13658
   0.00000   0.14714
   0.10000   0.14392
   0.20000   0.10242
   0.30000   0.06442
   0.40000   0.04826
   0.50000   0.03700
   0.60000   0.03003
   0.70000   0.02741
   0.80000   0.02177
   0.90000   0.01450
   1.00000   0.01149
   1.10000   0.01504
   1.20000   0.02665
   1.30000   0.03509
   1.40000   0.02773
   1.50000   0.01452
   1.60000   0.00575
   1.70000   0.00121
   1.80000   0.00000
   1.90000   0.00000
   2.00000   0.00000
   2.10000   0.00000
   2.20000   0.00000
   2.30000   0.00000
   2.40000   0.00000
   2.50000   0.00000
   2.60000   0.00000
   2.70000   0.00000
   2.80000   0.00000
   2.90000   0.00000
   3.00000   0.00000
