 2-methyl-2-propenoicacidbutylester sigma-profile (sigma [e/nm^2], p(sigma)*At [nm^2])
  -3.00000   0.00000
  -2.90000   0.00000
  -2.80000   0.00000
  -2.70000   0.00000
  -2.60000   0.00000
  -2.50000   0.00000
  -2.40000   0.00000
  -2.30000   0.00000
  -2.20000   0.00000
  -2.10000   0.00000
  -2.00000   0.00000
  -1.90000   0.00000
  -1.80000   0.00000
  -1.70000   0.00000
  -1.60000   0.00000
  -1.50000   0.00000
  -1.40000   0.00000
  -1.30000   0.00000
  -1.20000   0.00000
  -1.10000   0.00000
  -1.00000   0.00002
  -0.90000   0.00411
  -0.80000   0.01895
  -0.70000   0.04827
  -0.60000   0.08920
  -0.50000   0.13478
  -0.40000   0.18380
  -0.30000   0.21100
  -0.20000   0.20909
  -0.10000   0.20001
   0.00000   0.18985
   0.10000   0.18633
   0.20000   0.16274
   0.30000   0.10848
   0.40000   0.06078
   0.50000   0.03579
   0.60000   0.02879
   0.70000   0.02809
   0.80000   0.02137
   0.90000   0.01469
   1.00000   0.01398
   1.10000   0.01669
   1.20000   0.02660
   1.30000   0.03347
   1.40000   0.02676
   1.50000   0.01517
   1.60000   0.00591
   1.70000   0.00094
   1.80000   0.00000
   1.90000   0.00000
   2.00000   0.00000
   2.10000   0.00000
   2.20000   0.00000
   2.30000   0.00000
   2.40000   0.00000
   2.50000   0.00000
   2.60000   0.00000
   2.70000   0.00000
   2.80000   0.00000
   2.90000   0.00000
   3.00000   0.00000
