 isobutylmethacrylate sigma-profile (sigma [e/nm^2], p(sigma)*At [nm^2])
  -3.00000   0.00000
  -2.90000   0.00000
  -2.80000   0.00000
  -2.70000   0.00000
  -2.60000   0.00000
  -2.50000   0.00000
  -2.40000   0.00000
  -2.30000   0.00000
  -2.20000   0.00000
  -2.10000   0.00000
  -2.00000   0.00000
  -1.90000   0.00000
  -1.80000   0.00000
  -1.70000   0.00000
  -1.60000   0.00000
  -1.50000   0.00000
  -1.40000   0.00000
  -1.30000   0.00000
  -1.20000   0.00000
  -1.10000   0.00000
  -1.00000   0.00008
  -0.90000   0.00346
  -0.80000   0.01736
  -0.70000   0.04616
  -0.60000   0.09053
  -0.50000   0.13916
  -0.40000   0.17731
  -0.30000   0.19626
  -0.20000   0.19700
  -0.10000   0.18745
   0.00000   0.18489
   0.10000   0.19423
   0.20000   0.17344
   0.30000   0.11594
   0.40000   0.06437
   0.50000   0.03746
   0.60000   0.02572
   0.70000   0.01901
   0.80000   0.01437
   0.90000   0.01031
   1.00000   0.01031
   1.10000   0.01586
   1.20000   0.02756
   1.30000   0.03538
   1.40000   0.02754
   1.50000   0.01451
   1.60000   0.00582
   1.70000   0.00112
   1.80000   0.00000
   1.90000   0.00000
   2.00000   0.00000
   2.10000   0.00000
   2.20000   0.00000
   2.30000   0.00000
   2.40000   0.00000
   2.50000   0.00000
   2.60000   0.00000
   2.70000   0.00000
   2.80000   0.00000
   2.90000   0.00000
   3.00000   0.00000
