 2-ethyl-1-butanol sigma-profile (sigma [e/nm^2], p(sigma)*At [nm^2])
  -3.00000   0.00000
  -2.90000   0.00000
  -2.80000   0.00000
  -2.70000   0.00000
  -2.60000   0.00000
  -2.50000   0.00000
  -2.40000   0.00000
  -2.30000   0.00000
  -2.20000   0.00000
  -2.10000   0.00000
  -2.00000   0.00000
  -1.90000   0.00000
  -1.80000   0.00135
  -1.70000   0.00587
  -1.60000   0.00978
  -1.50000   0.00942
  -1.40000   0.00840
  -1.30000   0.00837
  -1.20000   0.00754
  -1.10000   0.00612
  -1.00000   0.00482
  -0.90000   0.00526
  -0.80000   0.00633
  -0.70000   0.00638
  -0.60000   0.02151
  -0.50000   0.07207
  -0.40000   0.13515
  -0.30000   0.15985
  -0.20000   0.15642
  -0.10000   0.15578
   0.00000   0.15418
   0.10000   0.16766
   0.20000   0.18030
   0.30000   0.13362
   0.40000   0.05307
   0.50000   0.01321
   0.60000   0.00937
   0.70000   0.00996
   0.80000   0.00941
   0.90000   0.00703
   1.00000   0.00640
   1.10000   0.00878
   1.20000   0.01234
   1.30000   0.01279
   1.40000   0.01094
   1.50000   0.01375
   1.60000   0.01838
   1.70000   0.01478
   1.80000   0.00591
   1.90000   0.00090
   2.00000   0.00000
   2.10000   0.00000
   2.20000   0.00000
   2.30000   0.00000
   2.40000   0.00000
   2.50000   0.00000
   2.60000   0.00000
   2.70000   0.00000
   2.80000   0.00000
   2.90000   0.00000
   3.00000   0.00000
