 1-nitro-3-(trifluoromethyl)-benzene sigma-profile (sigma [e/nm^2], p(sigma)*At [nm^2])
  -3.00000   0.00000
  -2.90000   0.00000
  -2.80000   0.00000
  -2.70000   0.00000
  -2.60000   0.00000
  -2.50000   0.00000
  -2.40000   0.00000
  -2.30000   0.00000
  -2.20000   0.00000
  -2.10000   0.00000
  -2.00000   0.00000
  -1.90000   0.00000
  -1.80000   0.00000
  -1.70000   0.00000
  -1.60000   0.00000
  -1.50000   0.00000
  -1.40000   0.00000
  -1.30000   0.00009
  -1.20000   0.00530
  -1.10000   0.02289
  -1.00000   0.04466
  -0.90000   0.05720
  -0.80000   0.06020
  -0.70000   0.06128
  -0.60000   0.06630
  -0.50000   0.06766
  -0.40000   0.07106
  -0.30000   0.10159
  -0.20000   0.14373
  -0.10000   0.14843
   0.00000   0.12147
   0.10000   0.12048
   0.20000   0.16377
   0.30000   0.17782
   0.40000   0.11150
   0.50000   0.05206
   0.60000   0.05975
   0.70000   0.07259
   0.80000   0.05049
   0.90000   0.02621
   1.00000   0.02052
   1.10000   0.02058
   1.20000   0.01642
   1.30000   0.00797
   1.40000   0.00165
   1.50000   0.00000
   1.60000   0.00000
   1.70000   0.00000
   1.80000   0.00000
   1.90000   0.00000
   2.00000   0.00000
   2.10000   0.00000
   2.20000   0.00000
   2.30000   0.00000
   2.40000   0.00000
   2.50000   0.00000
   2.60000   0.00000
   2.70000   0.00000
   2.80000   0.00000
   2.90000   0.00000
   3.00000   0.00000
