 alpha-terpineol sigma-profile (sigma [e/nm^2], p(sigma)*At [nm^2])
  -3.00000   0.00000
  -2.90000   0.00000
  -2.80000   0.00000
  -2.70000   0.00000
  -2.60000   0.00000
  -2.50000   0.00000
  -2.40000   0.00000
  -2.30000   0.00000
  -2.20000   0.00000
  -2.10000   0.00000
  -2.00000   0.00000
  -1.90000   0.00000
  -1.80000   0.00030
  -1.70000   0.00362
  -1.60000   0.00780
  -1.50000   0.00797
  -1.40000   0.00698
  -1.30000   0.00767
  -1.20000   0.00835
  -1.10000   0.00630
  -1.00000   0.00428
  -0.90000   0.00567
  -0.80000   0.00710
  -0.70000   0.01044
  -0.60000   0.04394
  -0.50000   0.12173
  -0.40000   0.18843
  -0.30000   0.20549
  -0.20000   0.19823
  -0.10000   0.18535
   0.00000   0.18904
   0.10000   0.21839
   0.20000   0.20625
   0.30000   0.12533
   0.40000   0.05560
   0.50000   0.03619
   0.60000   0.03484
   0.70000   0.02925
   0.80000   0.02450
   0.90000   0.02163
   1.00000   0.01275
   1.10000   0.00672
   1.20000   0.00963
   1.30000   0.01242
   1.40000   0.01079
   1.50000   0.01052
   1.60000   0.01264
   1.70000   0.01380
   1.80000   0.01103
   1.90000   0.00433
   2.00000   0.00034
   2.10000   0.00000
   2.20000   0.00000
   2.30000   0.00000
   2.40000   0.00000
   2.50000   0.00000
   2.60000   0.00000
   2.70000   0.00000
   2.80000   0.00000
   2.90000   0.00000
   3.00000   0.00000
