 acetophenone sigma-profile (sigma [e/nm^2], p(sigma)*At [nm^2])
  -3.00000   0.00000
  -2.90000   0.00000
  -2.80000   0.00000
  -2.70000   0.00000
  -2.60000   0.00000
  -2.50000   0.00000
  -2.40000   0.00000
  -2.30000   0.00000
  -2.20000   0.00000
  -2.10000   0.00000
  -2.00000   0.00000
  -1.90000   0.00000
  -1.80000   0.00000
  -1.70000   0.00000
  -1.60000   0.00000
  -1.50000   0.00000
  -1.40000   0.00000
  -1.30000   0.00000
  -1.20000   0.00000
  -1.10000   0.00000
  -1.00000   0.00189
  -0.90000   0.02155
  -0.80000   0.06553
  -0.70000   0.10168
  -0.60000   0.10836
  -0.50000   0.10525
  -0.40000   0.10440
  -0.30000   0.09794
  -0.20000   0.10033
  -0.10000   0.11327
   0.00000   0.10662
   0.10000   0.09726
   0.20000   0.11780
   0.30000   0.14045
   0.40000   0.11137
   0.50000   0.04404
   0.60000   0.00891
   0.70000   0.00967
   0.80000   0.01164
   0.90000   0.01286
   1.00000   0.01632
   1.10000   0.01995
   1.20000   0.02544
   1.30000   0.02899
   1.40000   0.02410
   1.50000   0.01554
   1.60000   0.00889
   1.70000   0.00490
   1.80000   0.00199
   1.90000   0.00022
   2.00000   0.00000
   2.10000   0.00000
   2.20000   0.00000
   2.30000   0.00000
   2.40000   0.00000
   2.50000   0.00000
   2.60000   0.00000
   2.70000   0.00000
   2.80000   0.00000
   2.90000   0.00000
   3.00000   0.00000
