 alpha-methylstyrene sigma-profile (sigma [e/nm^2], p(sigma)*At [nm^2])
  -3.00000   0.00000
  -2.90000   0.00000
  -2.80000   0.00000
  -2.70000   0.00000
  -2.60000   0.00000
  -2.50000   0.00000
  -2.40000   0.00000
  -2.30000   0.00000
  -2.20000   0.00000
  -2.10000   0.00000
  -2.00000   0.00000
  -1.90000   0.00000
  -1.80000   0.00000
  -1.70000   0.00000
  -1.60000   0.00000
  -1.50000   0.00000
  -1.40000   0.00000
  -1.30000   0.00000
  -1.20000   0.00000
  -1.10000   0.00000
  -1.00000   0.00000
  -0.90000   0.00334
  -0.80000   0.02930
  -0.70000   0.07931
  -0.60000   0.11199
  -0.50000   0.11523
  -0.40000   0.11332
  -0.30000   0.10813
  -0.20000   0.09674
  -0.10000   0.10347
   0.00000   0.12580
   0.10000   0.12582
   0.20000   0.12021
   0.30000   0.12888
   0.40000   0.13563
   0.50000   0.13900
   0.60000   0.10919
   0.70000   0.04883
   0.80000   0.01385
   0.90000   0.00444
   1.00000   0.00043
   1.10000   0.00000
   1.20000   0.00000
   1.30000   0.00000
   1.40000   0.00000
   1.50000   0.00000
   1.60000   0.00000
   1.70000   0.00000
   1.80000   0.00000
   1.90000   0.00000
   2.00000   0.00000
   2.10000   0.00000
   2.20000   0.00000
   2.30000   0.00000
   2.40000   0.00000
   2.50000   0.00000
   2.60000   0.00000
   2.70000   0.00000
   2.80000   0.00000
   2.90000   0.00000
   3.00000   0.00000
