 (dichloromethyl)-benzene sigma-profile (sigma [e/nm^2], p(sigma)*At [nm^2])
  -3.00000   0.00000
  -2.90000   0.00000
  -2.80000   0.00000
  -2.70000   0.00000
  -2.60000   0.00000
  -2.50000   0.00000
  -2.40000   0.00000
  -2.30000   0.00000
  -2.20000   0.00000
  -2.10000   0.00000
  -2.00000   0.00000
  -1.90000   0.00000
  -1.80000   0.00000
  -1.70000   0.00000
  -1.60000   0.00000
  -1.50000   0.00000
  -1.40000   0.00014
  -1.30000   0.00568
  -1.20000   0.01522
  -1.10000   0.01762
  -1.00000   0.01785
  -0.90000   0.03509
  -0.80000   0.06402
  -0.70000   0.07508
  -0.60000   0.06935
  -0.50000   0.06959
  -0.40000   0.07848
  -0.30000   0.08422
  -0.20000   0.08934
  -0.10000   0.08834
   0.00000   0.08420
   0.10000   0.11353
   0.20000   0.15193
   0.30000   0.18369
   0.40000   0.21683
   0.50000   0.19170
   0.60000   0.10215
   0.70000   0.02499
   0.80000   0.00000
   0.90000   0.00000
   1.00000   0.00000
   1.10000   0.00000
   1.20000   0.00000
   1.30000   0.00000
   1.40000   0.00000
   1.50000   0.00000
   1.60000   0.00000
   1.70000   0.00000
   1.80000   0.00000
   1.90000   0.00000
   2.00000   0.00000
   2.10000   0.00000
   2.20000   0.00000
   2.30000   0.00000
   2.40000   0.00000
   2.50000   0.00000
   2.60000   0.00000
   2.70000   0.00000
   2.80000   0.00000
   2.90000   0.00000
   3.00000   0.00000
