 benzoylchloride sigma-profile (sigma [e/nm^2], p(sigma)*At [nm^2])
  -3.00000   0.00000
  -2.90000   0.00000
  -2.80000   0.00000
  -2.70000   0.00000
  -2.60000   0.00000
  -2.50000   0.00000
  -2.40000   0.00000
  -2.30000   0.00000
  -2.20000   0.00000
  -2.10000   0.00000
  -2.00000   0.00000
  -1.90000   0.00000
  -1.80000   0.00000
  -1.70000   0.00000
  -1.60000   0.00000
  -1.50000   0.00000
  -1.40000   0.00000
  -1.30000   0.00000
  -1.20000   0.00000
  -1.10000   0.00021
  -1.00000   0.00971
  -0.90000   0.03819
  -0.80000   0.06505
  -0.70000   0.07011
  -0.60000   0.07104
  -0.50000   0.07772
  -0.40000   0.07883
  -0.30000   0.08076
  -0.20000   0.09326
  -0.10000   0.11104
   0.00000   0.12899
   0.10000   0.15395
   0.20000   0.16678
   0.30000   0.13047
   0.40000   0.08777
   0.50000   0.07483
   0.60000   0.05530
   0.70000   0.03517
   0.80000   0.03580
   0.90000   0.03498
   1.00000   0.02151
   1.10000   0.00892
   1.20000   0.00230
   1.30000   0.00000
   1.40000   0.00000
   1.50000   0.00000
   1.60000   0.00000
   1.70000   0.00000
   1.80000   0.00000
   1.90000   0.00000
   2.00000   0.00000
   2.10000   0.00000
   2.20000   0.00000
   2.30000   0.00000
   2.40000   0.00000
   2.50000   0.00000
   2.60000   0.00000
   2.70000   0.00000
   2.80000   0.00000
   2.90000   0.00000
   3.00000   0.00000
