 nitrobenzene sigma-profile (sigma [e/nm^2], p(sigma)*At [nm^2])
  -3.00000   0.00000
  -2.90000   0.00000
  -2.80000   0.00000
  -2.70000   0.00000
  -2.60000   0.00000
  -2.50000   0.00000
  -2.40000   0.00000
  -2.30000   0.00000
  -2.20000   0.00000
  -2.10000   0.00000
  -2.00000   0.00000
  -1.90000   0.00000
  -1.80000   0.00000
  -1.70000   0.00000
  -1.60000   0.00000
  -1.50000   0.00000
  -1.40000   0.00000
  -1.30000   0.00000
  -1.20000   0.00000
  -1.10000   0.00185
  -1.00000   0.01839
  -0.90000   0.05327
  -0.80000   0.07744
  -0.70000   0.07934
  -0.60000   0.07603
  -0.50000   0.07464
  -0.40000   0.07281
  -0.30000   0.07411
  -0.20000   0.08209
  -0.10000   0.09340
   0.00000   0.11067
   0.10000   0.12881
   0.20000   0.12070
   0.30000   0.07370
   0.40000   0.02933
   0.50000   0.02213
   0.60000   0.04398
   0.70000   0.07018
   0.80000   0.06833
   0.90000   0.04126
   1.00000   0.02268
   1.10000   0.01958
   1.20000   0.01917
   1.30000   0.01493
   1.40000   0.00636
   1.50000   0.00077
   1.60000   0.00000
   1.70000   0.00000
   1.80000   0.00000
   1.90000   0.00000
   2.00000   0.00000
   2.10000   0.00000
   2.20000   0.00000
   2.30000   0.00000
   2.40000   0.00000
   2.50000   0.00000
   2.60000   0.00000
   2.70000   0.00000
   2.80000   0.00000
   2.90000   0.00000
   3.00000   0.00000
