 3,4-dichloronitrobenzene sigma-profile (sigma [e/nm^2], p(sigma)*At [nm^2])
  -3.00000   0.00000
  -2.90000   0.00000
  -2.80000   0.00000
  -2.70000   0.00000
  -2.60000   0.00000
  -2.50000   0.00000
  -2.40000   0.00000
  -2.30000   0.00000
  -2.20000   0.00000
  -2.10000   0.00000
  -2.00000   0.00000
  -1.90000   0.00000
  -1.80000   0.00000
  -1.70000   0.00000
  -1.60000   0.00000
  -1.50000   0.00000
  -1.40000   0.00000
  -1.30000   0.00075
  -1.20000   0.00795
  -1.10000   0.02534
  -1.00000   0.03859
  -0.90000   0.04186
  -0.80000   0.04442
  -0.70000   0.04622
  -0.60000   0.05380
  -0.50000   0.06572
  -0.40000   0.08950
  -0.30000   0.14577
  -0.20000   0.18713
  -0.10000   0.17111
   0.00000   0.12544
   0.10000   0.09648
   0.20000   0.12162
   0.30000   0.14217
   0.40000   0.10078
   0.50000   0.06065
   0.60000   0.06599
   0.70000   0.07363
   0.80000   0.05142
   0.90000   0.02791
   1.00000   0.02102
   1.10000   0.02045
   1.20000   0.01702
   1.30000   0.00831
   1.40000   0.00168
   1.50000   0.00000
   1.60000   0.00000
   1.70000   0.00000
   1.80000   0.00000
   1.90000   0.00000
   2.00000   0.00000
   2.10000   0.00000
   2.20000   0.00000
   2.30000   0.00000
   2.40000   0.00000
   2.50000   0.00000
   2.60000   0.00000
   2.70000   0.00000
   2.80000   0.00000
   2.90000   0.00000
   3.00000   0.00000
