 4-methyl-benzoicacidmethylester sigma-profile (sigma [e/nm^2], p(sigma)*At [nm^2])
  -3.00000   0.00000
  -2.90000   0.00000
  -2.80000   0.00000
  -2.70000   0.00000
  -2.60000   0.00000
  -2.50000   0.00000
  -2.40000   0.00000
  -2.30000   0.00000
  -2.20000   0.00000
  -2.10000   0.00000
  -2.00000   0.00000
  -1.90000   0.00000
  -1.80000   0.00000
  -1.70000   0.00000
  -1.60000   0.00000
  -1.50000   0.00000
  -1.40000   0.00000
  -1.30000   0.00000
  -1.20000   0.00000
  -1.10000   0.00000
  -1.00000   0.00005
  -0.90000   0.00922
  -0.80000   0.04692
  -0.70000   0.09863
  -0.60000   0.12898
  -0.50000   0.13452
  -0.40000   0.13714
  -0.30000   0.14510
  -0.20000   0.14315
  -0.10000   0.14189
   0.00000   0.14694
   0.10000   0.14027
   0.20000   0.12908
   0.30000   0.12855
   0.40000   0.11565
   0.50000   0.07012
   0.60000   0.03001
   0.70000   0.02242
   0.80000   0.02447
   0.90000   0.01753
   1.00000   0.01234
   1.10000   0.01702
   1.20000   0.02802
   1.30000   0.03535
   1.40000   0.02726
   1.50000   0.01223
   1.60000   0.00292
   1.70000   0.00010
   1.80000   0.00000
   1.90000   0.00000
   2.00000   0.00000
   2.10000   0.00000
   2.20000   0.00000
   2.30000   0.00000
   2.40000   0.00000
   2.50000   0.00000
   2.60000   0.00000
   2.70000   0.00000
   2.80000   0.00000
   2.90000   0.00000
   3.00000   0.00000
