 1-methyl-4-(1-methylethyl)-1,4-cyclohexadiene sigma-profile (sigma [e/nm^2], p(sigma)*At [nm^2])
  -3.00000   0.00000
  -2.90000   0.00000
  -2.80000   0.00000
  -2.70000   0.00000
  -2.60000   0.00000
  -2.50000   0.00000
  -2.40000   0.00000
  -2.30000   0.00000
  -2.20000   0.00000
  -2.10000   0.00000
  -2.00000   0.00000
  -1.90000   0.00000
  -1.80000   0.00000
  -1.70000   0.00000
  -1.60000   0.00000
  -1.50000   0.00000
  -1.40000   0.00000
  -1.30000   0.00000
  -1.20000   0.00000
  -1.10000   0.00000
  -1.00000   0.00000
  -0.90000   0.00000
  -0.80000   0.00000
  -0.70000   0.00143
  -0.60000   0.03325
  -0.50000   0.12127
  -0.40000   0.20060
  -0.30000   0.20827
  -0.20000   0.19242
  -0.10000   0.18871
   0.00000   0.19219
   0.10000   0.20917
   0.20000   0.20825
   0.30000   0.15436
   0.40000   0.08033
   0.50000   0.04835
   0.60000   0.04929
   0.70000   0.04483
   0.80000   0.03528
   0.90000   0.02165
   1.00000   0.00710
   1.10000   0.00065
   1.20000   0.00000
   1.30000   0.00000
   1.40000   0.00000
   1.50000   0.00000
   1.60000   0.00000
   1.70000   0.00000
   1.80000   0.00000
   1.90000   0.00000
   2.00000   0.00000
   2.10000   0.00000
   2.20000   0.00000
   2.30000   0.00000
   2.40000   0.00000
   2.50000   0.00000
   2.60000   0.00000
   2.70000   0.00000
   2.80000   0.00000
   2.90000   0.00000
   3.00000   0.00000
