 methyl-tert-amylether sigma-profile (sigma [e/nm^2], p(sigma)*At [nm^2])
  -3.00000   0.00000
  -2.90000   0.00000
  -2.80000   0.00000
  -2.70000   0.00000
  -2.60000   0.00000
  -2.50000   0.00000
  -2.40000   0.00000
  -2.30000   0.00000
  -2.20000   0.00000
  -2.10000   0.00000
  -2.00000   0.00000
  -1.90000   0.00000
  -1.80000   0.00000
  -1.70000   0.00000
  -1.60000   0.00000
  -1.50000   0.00000
  -1.40000   0.00000
  -1.30000   0.00000
  -1.20000   0.00000
  -1.10000   0.00000
  -1.00000   0.00000
  -0.90000   0.00000
  -0.80000   0.00002
  -0.70000   0.00503
  -0.60000   0.03844
  -0.50000   0.10901
  -0.40000   0.16610
  -0.30000   0.17079
  -0.20000   0.16029
  -0.10000   0.15501
   0.00000   0.15216
   0.10000   0.16920
   0.20000   0.16925
   0.30000   0.11233
   0.40000   0.04126
   0.50000   0.01081
   0.60000   0.00990
   0.70000   0.01016
   0.80000   0.00896
   0.90000   0.00623
   1.00000   0.00525
   1.10000   0.00703
   1.20000   0.00759
   1.30000   0.00698
   1.40000   0.00874
   1.50000   0.01103
   1.60000   0.01008
   1.70000   0.01005
   1.80000   0.00851
   1.90000   0.00293
   2.00000   0.00004
   2.10000   0.00000
   2.20000   0.00000
   2.30000   0.00000
   2.40000   0.00000
   2.50000   0.00000
   2.60000   0.00000
   2.70000   0.00000
   2.80000   0.00000
   2.90000   0.00000
   3.00000   0.00000
