 allylacrylate sigma-profile (sigma [e/nm^2], p(sigma)*At [nm^2])
  -3.00000   0.00000
  -2.90000   0.00000
  -2.80000   0.00000
  -2.70000   0.00000
  -2.60000   0.00000
  -2.50000   0.00000
  -2.40000   0.00000
  -2.30000   0.00000
  -2.20000   0.00000
  -2.10000   0.00000
  -2.00000   0.00000
  -1.90000   0.00000
  -1.80000   0.00000
  -1.70000   0.00000
  -1.60000   0.00000
  -1.50000   0.00000
  -1.40000   0.00000
  -1.30000   0.00000
  -1.20000   0.00000
  -1.10000   0.00000
  -1.00000   0.00441
  -0.90000   0.02781
  -0.80000   0.07240
  -0.70000   0.10872
  -0.60000   0.10878
  -0.50000   0.09733
  -0.40000   0.10526
  -0.30000   0.11287
  -0.20000   0.11509
  -0.10000   0.12015
   0.00000   0.11124
   0.10000   0.09185
   0.20000   0.08402
   0.30000   0.08283
   0.40000   0.07405
   0.50000   0.05837
   0.60000   0.04345
   0.70000   0.03535
   0.80000   0.02888
   0.90000   0.02290
   1.00000   0.02127
   1.10000   0.02511
   1.20000   0.03411
   1.30000   0.03480
   1.40000   0.02257
   1.50000   0.00950
   1.60000   0.00208
   1.70000   0.00000
   1.80000   0.00000
   1.90000   0.00000
   2.00000   0.00000
   2.10000   0.00000
   2.20000   0.00000
   2.30000   0.00000
   2.40000   0.00000
   2.50000   0.00000
   2.60000   0.00000
   2.70000   0.00000
   2.80000   0.00000
   2.90000   0.00000
   3.00000   0.00000
