 diallylmaleate sigma-profile (sigma [e/nm^2], p(sigma)*At [nm^2])
  -3.00000   0.00000
  -2.90000   0.00000
  -2.80000   0.00000
  -2.70000   0.00000
  -2.60000   0.00000
  -2.50000   0.00000
  -2.40000   0.00000
  -2.30000   0.00000
  -2.20000   0.00000
  -2.10000   0.00000
  -2.00000   0.00000
  -1.90000   0.00000
  -1.80000   0.00000
  -1.70000   0.00000
  -1.60000   0.00000
  -1.50000   0.00000
  -1.40000   0.00000
  -1.30000   0.00000
  -1.20000   0.00355
  -1.10000   0.01494
  -1.00000   0.02774
  -0.90000   0.05557
  -0.80000   0.11787
  -0.70000   0.16873
  -0.60000   0.16937
  -0.50000   0.16184
  -0.40000   0.16402
  -0.30000   0.15522
  -0.20000   0.14988
  -0.10000   0.14917
   0.00000   0.13591
   0.10000   0.12159
   0.20000   0.11718
   0.30000   0.11191
   0.40000   0.09974
   0.50000   0.09035
   0.60000   0.08426
   0.70000   0.06910
   0.80000   0.05352
   0.90000   0.05087
   1.00000   0.05705
   1.10000   0.06728
   1.20000   0.06546
   1.30000   0.04370
   1.40000   0.02102
   1.50000   0.00739
   1.60000   0.00110
   1.70000   0.00000
   1.80000   0.00000
   1.90000   0.00000
   2.00000   0.00000
   2.10000   0.00000
   2.20000   0.00000
   2.30000   0.00000
   2.40000   0.00000
   2.50000   0.00000
   2.60000   0.00000
   2.70000   0.00000
   2.80000   0.00000
   2.90000   0.00000
   3.00000   0.00000
